u0,u1,u2,u3,u4,u5,u6,u7,u8,u9,u10,u11,u12,u13,u14,u15,u16,u17,u18,u19,u20,u21,u22,u23,u24,u25,u26,u27,u28,u29,u30,u31,u32,u33,u34,u35,u36,u37,u38,u39,u40,u41,u42,u43,u44,u45,u46,u47,u48,u49,u50,u51,u52,u53,u54,u55,u56,u57,u58,u59,u60,u61,u62,u63,u64,u65,u66,u67,u68,u69,u70,u71,u72,u73,u74,u75,u76,u77,u78,u79,l0,l1,l2,l3,l4,l5,l6,l7,l8,l9,l10,l11,l12,l13,l14,l15,l16,l17,l18,l19,l20,l21,l22,l23,l24,l25,l26,l27,l28,l29,l30,l31,l32,l33,l34,l35,l36,l37,l38,l39,l40,l41,l42,l43,l44,l45,l46,l47,l48,l49,l50,l51,l52,l53,l54,l55,l56,l57,l58,l59,l60,l61,l62,l63,l64,l65,l66,l67,l68,l69,l70,l71,l72,l73,l74,l75,l76,l77,l78,l79,Cl,Cd,Cl/Cd
0.0,0.024999997241032818,0.07499999517303343,0.12499999550932528,0.17499999498089094,0.22499999527736433,0.2749999960078658,0.3499999995039708,0.44999999983184696,0.549999999039556,0.0,0.02999999659243376,0.05899999517274593,0.07699999564930726,0.08829999536750098,0.09549999527831098,0.10049999517683089,0.10449999531460422,0.10364999506350116,0.09724999486650993,0.006250005133917589,0.031249989346403332,0.08749999128284211,0.13749999133695973,0.18749999021589148,0.23749999195082763,0.28749998851517156,0.37916666666544335,0.47500000018943594,0.5749999986166651,0.01437500309778611,0.034374990086987904,0.0647499912598114,0.08024999195861487,0.09062499146631013,0.0970083248200161,0.10195832407087727,0.10570832488382206,0.103083324336739,0.09498332391512414,0.018750005135662304,0.062499999063224766,0.11249999968169083,0.1624999997458904,0.21249999860390104,0.26250000350056,0.3208333323424983,0.424999999474258,0.5249999994624469,0.6249999995835167,0.025625003097879614,0.053249999085680455,0.07374999933999965,0.08597499926869183,0.09399166573660585,0.09904166628278452,0.10329166574538637,0.10421666579026331,0.09951666581789571,0.08729166584010344,0.024999997241032818,0.07499999517303343,0.12499999550932528,0.17499999498089094,0.22499999527736433,0.2749999960078658,0.3499999995039708,0.44999999983184696,0.549999999039556,1.0,0.02999999659243376,0.05899999517274593,0.07699999564930726,0.08829999536750098,0.09549999527831098,0.10049999517683089,0.10449999531460422,0.10364999506350116,0.09724999486650993,0.0,0.3984,0.0064,62.24999999999999,,,,,,,,,,,,,,,,,,,,,,,,,,,,,,,,,,,,,,,,,,,,,,,,,,,,,,,,,,,,,,,,,,,,,,,,,,,,,,,,
0.0,0.02540718312154455,0.08358855323581059,0.13822222867880313,0.1864637619027667,0.2352010573148315,0.27992239080768627,0.3601842579210608,0.4634416985883986,0.5713329413690037,0.0,0.02017209477673197,0.04032306550480459,0.04679683846130943,0.04937944698860976,0.05371970805352187,0.061334607254239934,0.07076902584651373,0.07649998279336648,0.07570664988058368,0.006319422622184837,0.03425403915934434,0.09970958000096967,0.1519203814872827,0.19915330589447586,0.25004270185311184,0.29568416070769477,0.3921055590019871,0.4908662564644225,0.6003271448475692,0.009684639399654773,0.022996332897843495,0.04303158645362788,0.04672193435536945,0.05001408409743423,0.05538255909174061,0.06420057491824936,0.07411319379151321,0.07816446153834919,0.07491028173836554,0.016560327083744754,0.0674675264706515,0.12452407587032356,0.17377421791105754,0.22035941277655116,0.2641606209076778,0.32826295684013446,0.43601714071237474,0.5423387378904382,0.6494766231208161,0.01734785665562044,0.0376145445559813,0.04687174256724941,0.048744809879785286,0.05205685701530313,0.058468639590230506,0.06742485790151426,0.07483550404838377,0.07650301802280181,0.06936823271074519,0.02540718312154455,0.08358855323581059,0.13822222867880313,0.1864637619027667,0.2352010573148315,0.27992239080768627,0.3601842579210608,0.4634416985883986,0.5713329413690037,1.0,0.02017209477673197,0.04032306550480459,0.04679683846130943,0.04937944698860976,0.05371970805352187,0.061334607254239934,0.07076902584651373,0.07649998279336648,0.07570664988058368,0.0,0.0,0.02540718312154455,0.08358855323581059,0.13822222867880313,0.1864637619027667,0.2352010573148315,0.27992239080768627,0.3601842579210608,0.4634416985883986,0.5713329413690037,0.0,0.02017209477673197,0.04032306550480459,0.04679683846130943,0.04937944698860976,0.05371970805352187,0.061334607254239934,0.07076902584651373,0.07649998279336648,0.07570664988058368,0.006319422622184837,0.03425403915934434,0.09970958000096967,0.1519203814872827,0.19915330589447586,0.25004270185311184,0.29568416070769477,0.3921055590019871,0.4908662564644225,0.6003271448475692,0.009684639399654773,0.022996332897843495,0.04303158645362788,0.04672193435536945,0.05001408409743423,0.05538255909174061,0.06420057491824936,0.07411319379151321,0.07816446153834919,0.07491028173836554,0.016560327083744754,0.0674675264706515,0.12452407587032356,0.17377421791105754,0.22035941277655116,0.2641606209076778,0.32826295684013446,0.43601714071237474,0.5423387378904382,0.6494766231208161,0.01734785665562044,0.0376145445559813,0.04687174256724941,0.048744809879785286,0.05205685701530313,0.058468639590230506,0.06742485790151426,0.07483550404838377,0.07650301802280181,0.06936823271074519,0.02540718312154455,0.08358855323581059,0.13822222867880313,0.1864637619027667,0.2352010573148315,0.27992239080768627,0.3601842579210608,0.4634416985883986,0.5713329413690037,1.0,0.02017209477673197,0.04032306550480459,0.04679683846130943,0.04937944698860976,0.05371970805352187,0.061334607254239934,0.07076902584651373,0.07649998279336648,0.07570664988058368,0.0,0.3192,0.00809,39.456118665018536
0.0,0.024999997241032818,0.07499999517303343,0.12499999550932528,0.17499999498089094,0.22499999527736433,0.2749999960078658,0.3499999995039708,0.44999999983184696,0.549999999039556,0.0,0.02999999659243376,0.05899999517274593,0.07699999564930726,0.08829999536750098,0.09549999527831098,0.10049999517683089,0.10449999531460422,0.10364999506350116,0.09724999486650993,0.006250005133917589,0.031249989346403332,0.08749999128284211,0.13749999133695973,0.18749999021589148,0.23749999195082763,0.28749998851517156,0.37916666666544335,0.47500000018943594,0.5749999986166651,0.01437500309778611,0.034374990086987904,0.0647499912598114,0.08024999195861487,0.09062499146631013,0.0970083248200161,0.10195832407087727,0.10570832488382206,0.103083324336739,0.09498332391512414,0.018750005135662304,0.062499999063224766,0.11249999968169083,0.1624999997458904,0.21249999860390104,0.26250000350056,0.3208333323424983,0.424999999474258,0.5249999994624469,0.6249999995835167,0.025625003097879614,0.053249999085680455,0.07374999933999965,0.08597499926869183,0.09399166573660585,0.09904166628278452,0.10329166574538637,0.10421666579026331,0.09951666581789571,0.08729166584010344,0.024999997241032818,0.07499999517303343,0.12499999550932528,0.17499999498089094,0.22499999527736433,0.2749999960078658,0.3499999995039708,0.44999999983184696,0.549999999039556,1.0,0.02999999659243376,0.05899999517274593,0.07699999564930726,0.08829999536750098,0.09549999527831098,0.10049999517683089,0.10449999531460422,0.10364999506350116,0.09724999486650993,0.0,0.0,0.024999997241032818,0.07499999517303343,0.12499999550932528,0.17499999498089094,0.22499999527736433,0.2749999960078658,0.3499999995039708,0.44999999983184696,0.549999999039556,0.0,0.02999999659243376,0.05899999517274593,0.07699999564930726,0.08829999536750098,0.09549999527831098,0.10049999517683089,0.10449999531460422,0.10364999506350116,0.09724999486650993,0.006250005133917589,0.031249989346403332,0.08749999128284211,0.13749999133695973,0.18749999021589148,0.23749999195082763,0.28749998851517156,0.37916666666544335,0.47500000018943594,0.5749999986166651,0.01437500309778611,0.034374990086987904,0.0647499912598114,0.08024999195861487,0.09062499146631013,0.0970083248200161,0.10195832407087727,0.10570832488382206,0.103083324336739,0.09498332391512414,0.018750005135662304,0.062499999063224766,0.11249999968169083,0.1624999997458904,0.21249999860390104,0.26250000350056,0.3208333323424983,0.424999999474258,0.5249999994624469,0.6249999995835167,0.025625003097879614,0.053249999085680455,0.07374999933999965,0.08597499926869183,0.09399166573660585,0.09904166628278452,0.10329166574538637,0.10421666579026331,0.09951666581789571,0.08729166584010344,0.024999997241032818,0.07499999517303343,0.12499999550932528,0.17499999498089094,0.22499999527736433,0.2749999960078658,0.3499999995039708,0.44999999983184696,0.549999999039556,1.0,0.02999999659243376,0.05899999517274593,0.07699999564930726,0.08829999536750098,0.09549999527831098,0.10049999517683089,0.10449999531460422,0.10364999506350116,0.09724999486650993,0.0,,,
0.0,0.024035393607374576,0.07143164935336087,0.12042637855116074,0.1723825199446514,0.2279738017076434,0.3053855927969952,0.3851194296987903,0.48605149706711215,0.5842342645132336,0.0,0.029603764705303227,0.05917853079951002,0.07806504312246043,0.0900054900439926,0.09731321797451317,0.0993330953517411,0.10222109355687156,0.10036003821932536,0.0933089497041872,0.006265599571529177,0.029624591002510643,0.0836286161619588,0.13344646244385916,0.18662288974516167,0.24373208111802575,0.3171964876307385,0.4161504446443777,0.5131340538957418,0.6095133742864077,0.014427663749142595,0.03420840897180204,0.0654007943381838,0.08190233263562284,0.09265850601055053,0.09896767355434063,0.10098626459240884,0.10326761966094758,0.09955404160450146,0.0909159878045044,0.01844619621223851,0.05923468254476294,0.10740629465846234,0.15814215014414112,0.21221552229726104,0.29357469796325186,0.3540884147532029,0.45896894023848245,0.5589551547400594,0.6546050479165403,0.02499912043880442,0.05295626726083625,0.07422775360929802,0.08735247407743466,0.09565876239468571,0.09767992611107337,0.10117456745279554,0.10116603483414927,0.09570191160387,0.08327448399347652,0.024035393607374576,0.07143164935336087,0.12042637855116074,0.1723825199446514,0.2279738017076434,0.3053855927969952,0.3851194296987903,0.48605149706711215,0.5842342645132336,1.0,0.029603764705303227,0.05917853079951002,0.07806504312246043,0.0900054900439926,0.09731321797451317,0.0993330953517411,0.10222109355687156,0.10036003821932536,0.0933089497041872,0.0,0.0,0.024035393607374576,0.07143164935336087,0.12042637855116074,0.1723825199446514,0.2279738017076434,0.3053855927969952,0.3851194296987903,0.48605149706711215,0.5842342645132336,0.0,0.029603764705303227,0.05917853079951002,0.07806504312246043,0.0900054900439926,0.09731321797451317,0.0993330953517411,0.10222109355687156,0.10036003821932536,0.0933089497041872,0.006265599571529177,0.029624591002510643,0.0836286161619588,0.13344646244385916,0.18662288974516167,0.24373208111802575,0.3171964876307385,0.4161504446443777,0.5131340538957418,0.6095133742864077,0.014427663749142595,0.03420840897180204,0.0654007943381838,0.08190233263562284,0.09265850601055053,0.09896767355434063,0.10098626459240884,0.10326761966094758,0.09955404160450146,0.0909159878045044,0.01844619621223851,0.05923468254476294,0.10740629465846234,0.15814215014414112,0.21221552229726104,0.29357469796325186,0.3540884147532029,0.45896894023848245,0.5589551547400594,0.6546050479165403,0.02499912043880442,0.05295626726083625,0.07422775360929802,0.08735247407743466,0.09565876239468571,0.09767992611107337,0.10117456745279554,0.10116603483414927,0.09570191160387,0.08327448399347652,0.024035393607374576,0.07143164935336087,0.12042637855116074,0.1723825199446514,0.2279738017076434,0.3053855927969952,0.3851194296987903,0.48605149706711215,0.5842342645132336,1.0,0.029603764705303227,0.05917853079951002,0.07806504312246043,0.0900054900439926,0.09731321797451317,0.0993330953517411,0.10222109355687156,0.10036003821932536,0.0933089497041872,0.0,0.3388,0.00775,43.71612903225807
0.0,0.02411020276297535,0.07342636696447824,0.1212618583078488,0.16773682363297782,0.2160915150463361,0.30060839133636386,0.3695035122283615,0.45916747907184,0.5507690852151321,0.0,0.026298836380718213,0.051937254299004296,0.06551757689476663,0.07311805290193195,0.07901968619355243,0.08047052816502495,0.08712214440644465,0.0909636795120841,0.08952209454054072,0.006422291983967455,0.030433030879366805,0.08584647338425447,0.13303377762922708,0.1795143299508455,0.2288264589540641,0.3047583293264127,0.3962254267953722,0.4820301522710491,0.5742631459463388,0.012502001222986229,0.030345116232912694,0.05641272519478993,0.06766910694618944,0.07466003351620358,0.08058853055188274,0.08321657747315314,0.08967153786766309,0.09212315487899864,0.0886218602471373,0.017787374646583896,0.06100626054470201,0.10948993898647053,0.15595931731511012,0.20335657113860814,0.296458453346315,0.34278159766135075,0.43630480587263093,0.5272750244839255,0.6212256279526307,0.02225255652852373,0.04746178340321866,0.06336604684334382,0.07157607228766032,0.07745084183522212,0.07772447885689676,0.08457275094522622,0.08980420414516957,0.09042232883394415,0.08252884721751949,0.02411020276297535,0.07342636696447824,0.1212618583078488,0.16773682363297782,0.2160915150463361,0.30060839133636386,0.3695035122283615,0.45916747907184,0.5507690852151321,1.0,0.026298836380718213,0.051937254299004296,0.06551757689476663,0.07311805290193195,0.07901968619355243,0.08047052816502495,0.08712214440644465,0.0909636795120841,0.08952209454054072,0.0,0.0,0.02411020276297535,0.07342636696447824,0.1212618583078488,0.16773682363297782,0.2160915150463361,0.30060839133636386,0.3695035122283615,0.45916747907184,0.5507690852151321,0.0,0.026298836380718213,0.051937254299004296,0.06551757689476663,0.07311805290193195,0.07901968619355243,0.08047052816502495,0.08712214440644465,0.0909636795120841,0.08952209454054072,0.006422291983967455,0.030433030879366805,0.08584647338425447,0.13303377762922708,0.1795143299508455,0.2288264589540641,0.3047583293264127,0.3962254267953722,0.4820301522710491,0.5742631459463388,0.012502001222986229,0.030345116232912694,0.05641272519478993,0.06766910694618944,0.07466003351620358,0.08058853055188274,0.08321657747315314,0.08967153786766309,0.09212315487899864,0.0886218602471373,0.017787374646583896,0.06100626054470201,0.10948993898647053,0.15595931731511012,0.20335657113860814,0.296458453346315,0.34278159766135075,0.43630480587263093,0.5272750244839255,0.6212256279526307,0.02225255652852373,0.04746178340321866,0.06336604684334382,0.07157607228766032,0.07745084183522212,0.07772447885689676,0.08457275094522622,0.08980420414516957,0.09042232883394415,0.08252884721751949,0.02411020276297535,0.07342636696447824,0.1212618583078488,0.16773682363297782,0.2160915150463361,0.30060839133636386,0.3695035122283615,0.45916747907184,0.5507690852151321,1.0,0.026298836380718213,0.051937254299004296,0.06551757689476663,0.07311805290193195,0.07901968619355243,0.08047052816502495,0.08712214440644465,0.0909636795120841,0.08952209454054072,0.0,0.2261,0.00783,28.87611749680715
0.0,0.022232258009585473,0.06325587591459025,0.10762680978954652,0.15886947098962745,0.21955485083942344,0.30444738451351355,0.39850759110778494,0.5137654059084757,0.6218507936963248,0.0,0.028278037875838245,0.057195408657131803,0.07717173311026841,0.09097951190631264,0.09965740400380955,0.10257168684529501,0.10455259779515817,0.1000483691816425,0.08967136561258221,0.00610146068700633,0.026108600261128184,0.07398797409614229,0.12002075330069185,0.17425248713118308,0.23965740894898718,0.32317705776611344,0.43486302811732247,0.5466950711465957,0.6495291637899051,0.014604981279753694,0.03213714498707926,0.06383628636847703,0.08167420119232524,0.09442034774715008,0.10184966320759128,0.10418392542147081,0.10519632319013789,0.09822014821807623,0.08644255413675356,0.01835591575804276,0.05252377773303822,0.09523286627840118,0.14348645484807182,0.1994522927298597,0.28571771126091366,0.3621521540982474,0.4808357406703559,0.5941724236027445,0.6928835858301619,0.024418930764597235,0.050554530945786574,0.07266926502821158,0.08753867606547519,0.09746514480002783,0.1009594482691192,0.10390887240017846,0.10187659014520878,0.09290017708841086,0.07797508649696935,0.022232258009585473,0.06325587591459025,0.10762680978954652,0.15886947098962745,0.21955485083942344,0.30444738451351355,0.39850759110778494,0.5137654059084757,0.6218507936963248,1.0,0.028278037875838245,0.057195408657131803,0.07717173311026841,0.09097951190631264,0.09965740400380955,0.10257168684529501,0.10455259779515817,0.1000483691816425,0.08967136561258221,0.0,0.0,0.022232258009585473,0.06325587591459025,0.10762680978954652,0.15886947098962745,0.21955485083942344,0.30444738451351355,0.39850759110778494,0.5137654059084757,0.6218507936963248,0.0,0.028278037875838245,0.057195408657131803,0.07717173311026841,0.09097951190631264,0.09965740400380955,0.10257168684529501,0.10455259779515817,0.1000483691816425,0.08967136561258221,0.00610146068700633,0.026108600261128184,0.07398797409614229,0.12002075330069185,0.17425248713118308,0.23965740894898718,0.32317705776611344,0.43486302811732247,0.5466950711465957,0.6495291637899051,0.014604981279753694,0.03213714498707926,0.06383628636847703,0.08167420119232524,0.09442034774715008,0.10184966320759128,0.10418392542147081,0.10519632319013789,0.09822014821807623,0.08644255413675356,0.01835591575804276,0.05252377773303822,0.09523286627840118,0.14348645484807182,0.1994522927298597,0.28571771126091366,0.3621521540982474,0.4808357406703559,0.5941724236027445,0.6928835858301619,0.024418930764597235,0.050554530945786574,0.07266926502821158,0.08753867606547519,0.09746514480002783,0.1009594482691192,0.10390887240017846,0.10187659014520878,0.09290017708841086,0.07797508649696935,0.022232258009585473,0.06325587591459025,0.10762680978954652,0.15886947098962745,0.21955485083942344,0.30444738451351355,0.39850759110778494,0.5137654059084757,0.6218507936963248,1.0,0.028278037875838245,0.057195408657131803,0.07717173311026841,0.09097951190631264,0.09965740400380955,0.10257168684529501,0.10455259779515817,0.1000483691816425,0.08967136561258221,0.0,0.4041,0.00748,54.024064171123
0.0,0.018812519832074423,0.046902970492671,0.07921718879513798,0.12220119270022547,0.18346040585691226,0.2880301365767315,0.38656625677193235,0.5030473035972503,0.6084443665512761,0.0,0.026759343391456646,0.05468385119714106,0.07630081486121902,0.09284311407136933,0.10387421194760194,0.10604499936955492,0.10833309946243275,0.10416079639264134,0.09428448788240462,0.0061799403262112725,0.019319957042003146,0.05351018788154558,0.0883104720835394,0.13575844214388721,0.20630288537854619,0.3065664134312451,0.423187429749177,0.5372168322373253,0.6344572804468427,0.014501984919707736,0.029924636079159822,0.06153460479725942,0.08174439830464034,0.09710016772110466,0.10672850465620376,0.10799962760814447,0.10914236688534189,0.10237392312177375,0.09129249285047629,0.0183050826221457,0.040295753103796426,0.07012390550673656,0.10864394325656374,0.16061792633527833,0.2694938597222179,0.3499450837946877,0.4688777749571752,0.5824314526557095,0.6764987807115503,0.02359405070375347,0.0478330975970227,0.0708572314177977,0.088586060421634,0.10101991923900011,0.10409037113096536,0.1075238320395236,0.10594766966350892,0.09727648291433295,0.08301343282717528,0.018812519832074423,0.046902970492671,0.07921718879513798,0.12220119270022547,0.18346040585691226,0.2880301365767315,0.38656625677193235,0.5030473035972503,0.6084443665512761,1.0,0.026759343391456646,0.05468385119714106,0.07630081486121902,0.09284311407136933,0.10387421194760194,0.10604499936955492,0.10833309946243275,0.10416079639264134,0.09428448788240462,0.0,0.0,0.018812519832074423,0.046902970492671,0.07921718879513798,0.12220119270022547,0.18346040585691226,0.2880301365767315,0.38656625677193235,0.5030473035972503,0.6084443665512761,0.0,0.026759343391456646,0.05468385119714106,0.07630081486121902,0.09284311407136933,0.10387421194760194,0.10604499936955492,0.10833309946243275,0.10416079639264134,0.09428448788240462,0.0061799403262112725,0.019319957042003146,0.05351018788154558,0.0883104720835394,0.13575844214388721,0.20630288537854619,0.3065664134312451,0.423187429749177,0.5372168322373253,0.6344572804468427,0.014501984919707736,0.029924636079159822,0.06153460479725942,0.08174439830464034,0.09710016772110466,0.10672850465620376,0.10799962760814447,0.10914236688534189,0.10237392312177375,0.09129249285047629,0.0183050826221457,0.040295753103796426,0.07012390550673656,0.10864394325656374,0.16061792633527833,0.2694938597222179,0.3499450837946877,0.4688777749571752,0.5824314526557095,0.6764987807115503,0.02359405070375347,0.0478330975970227,0.0708572314177977,0.088586060421634,0.10101991923900011,0.10409037113096536,0.1075238320395236,0.10594766966350892,0.09727648291433295,0.08301343282717528,0.018812519832074423,0.046902970492671,0.07921718879513798,0.12220119270022547,0.18346040585691226,0.2880301365767315,0.38656625677193235,0.5030473035972503,0.6084443665512761,1.0,0.026759343391456646,0.05468385119714106,0.07630081486121902,0.09284311407136933,0.10387421194760194,0.10604499936955492,0.10833309946243275,0.10416079639264134,0.09428448788240462,0.0,0.2518,0.00871,28.90929965556831
0.0,0.024999997241032818,0.07499999517303343,0.12499999550932528,0.17499999498089094,0.22499999527736433,0.2749999960078658,0.3499999995039708,0.44999999983184696,0.549999999039556,0.0,0.02999999659243376,0.05899999517274593,0.07699999564930726,0.08829999536750098,0.09549999527831098,0.10049999517683089,0.10449999531460422,0.10364999506350116,0.09724999486650993,0.006250005133917589,0.031249989346403332,0.08749999128284211,0.13749999133695973,0.18749999021589148,0.23749999195082763,0.28749998851517156,0.37916666666544335,0.47500000018943594,0.5749999986166651,0.01437500309778611,0.034374990086987904,0.0647499912598114,0.08024999195861487,0.09062499146631013,0.0970083248200161,0.10195832407087727,0.10570832488382206,0.103083324336739,0.09498332391512414,0.018750005135662304,0.062499999063224766,0.11249999968169083,0.1624999997458904,0.21249999860390104,0.26250000350056,0.3208333323424983,0.424999999474258,0.5249999994624469,0.6249999995835167,0.025625003097879614,0.053249999085680455,0.07374999933999965,0.08597499926869183,0.09399166573660585,0.09904166628278452,0.10329166574538637,0.10421666579026331,0.09951666581789571,0.08729166584010344,0.024999997241032818,0.07499999517303343,0.12499999550932528,0.17499999498089094,0.22499999527736433,0.2749999960078658,0.3499999995039708,0.44999999983184696,0.549999999039556,1.0,0.02999999659243376,0.05899999517274593,0.07699999564930726,0.08829999536750098,0.09549999527831098,0.10049999517683089,0.10449999531460422,0.10364999506350116,0.09724999486650993,0.0,0.0,0.024999997241032818,0.07499999517303343,0.12499999550932528,0.17499999498089094,0.22499999527736433,0.2749999960078658,0.3499999995039708,0.44999999983184696,0.549999999039556,0.0,0.02999999659243376,0.05899999517274593,0.07699999564930726,0.08829999536750098,0.09549999527831098,0.10049999517683089,0.10449999531460422,0.10364999506350116,0.09724999486650993,0.006250005133917589,0.031249989346403332,0.08749999128284211,0.13749999133695973,0.18749999021589148,0.23749999195082763,0.28749998851517156,0.37916666666544335,0.47500000018943594,0.5749999986166651,0.01437500309778611,0.034374990086987904,0.0647499912598114,0.08024999195861487,0.09062499146631013,0.0970083248200161,0.10195832407087727,0.10570832488382206,0.103083324336739,0.09498332391512414,0.018750005135662304,0.062499999063224766,0.11249999968169083,0.1624999997458904,0.21249999860390104,0.26250000350056,0.3208333323424983,0.424999999474258,0.5249999994624469,0.6249999995835167,0.025625003097879614,0.053249999085680455,0.07374999933999965,0.08597499926869183,0.09399166573660585,0.09904166628278452,0.10329166574538637,0.10421666579026331,0.09951666581789571,0.08729166584010344,0.024999997241032818,0.07499999517303343,0.12499999550932528,0.17499999498089094,0.22499999527736433,0.2749999960078658,0.3499999995039708,0.44999999983184696,0.549999999039556,1.0,0.02999999659243376,0.05899999517274593,0.07699999564930726,0.08829999536750098,0.09549999527831098,0.10049999517683089,0.10449999531460422,0.10364999506350116,0.09724999486650993,0.0,,,
0.0,0.024999997241032818,0.07499999517303343,0.12499999550932528,0.17499999498089094,0.22499999527736433,0.2749999960078658,0.3499999995039708,0.44999999983184696,0.549999999039556,0.0,0.02999999659243376,0.05899999517274593,0.07699999564930726,0.08829999536750098,0.09549999527831098,0.10049999517683089,0.10449999531460422,0.10364999506350116,0.09724999486650993,0.006250005133917589,0.031249989346403332,0.08749999128284211,0.13749999133695973,0.18749999021589148,0.23749999195082763,0.28749998851517156,0.37916666666544335,0.47500000018943594,0.5749999986166651,0.01437500309778611,0.034374990086987904,0.0647499912598114,0.08024999195861487,0.09062499146631013,0.0970083248200161,0.10195832407087727,0.10570832488382206,0.103083324336739,0.09498332391512414,0.018750005135662304,0.062499999063224766,0.11249999968169083,0.1624999997458904,0.21249999860390104,0.26250000350056,0.3208333323424983,0.424999999474258,0.5249999994624469,0.6249999995835167,0.025625003097879614,0.053249999085680455,0.07374999933999965,0.08597499926869183,0.09399166573660585,0.09904166628278452,0.10329166574538637,0.10421666579026331,0.09951666581789571,0.08729166584010344,0.024999997241032818,0.07499999517303343,0.12499999550932528,0.17499999498089094,0.22499999527736433,0.2749999960078658,0.3499999995039708,0.44999999983184696,0.549999999039556,1.0,0.02999999659243376,0.05899999517274593,0.07699999564930726,0.08829999536750098,0.09549999527831098,0.10049999517683089,0.10449999531460422,0.10364999506350116,0.09724999486650993,0.0,0.0,0.024999997241032818,0.07499999517303343,0.12499999550932528,0.17499999498089094,0.22499999527736433,0.2749999960078658,0.3499999995039708,0.44999999983184696,0.549999999039556,0.0,0.02999999659243376,0.05899999517274593,0.07699999564930726,0.08829999536750098,0.09549999527831098,0.10049999517683089,0.10449999531460422,0.10364999506350116,0.09724999486650993,0.006250005133917589,0.031249989346403332,0.08749999128284211,0.13749999133695973,0.18749999021589148,0.23749999195082763,0.28749998851517156,0.37916666666544335,0.47500000018943594,0.5749999986166651,0.01437500309778611,0.034374990086987904,0.0647499912598114,0.08024999195861487,0.09062499146631013,0.0970083248200161,0.10195832407087727,0.10570832488382206,0.103083324336739,0.09498332391512414,0.018750005135662304,0.062499999063224766,0.11249999968169083,0.1624999997458904,0.21249999860390104,0.26250000350056,0.3208333323424983,0.424999999474258,0.5249999994624469,0.6249999995835167,0.025625003097879614,0.053249999085680455,0.07374999933999965,0.08597499926869183,0.09399166573660585,0.09904166628278452,0.10329166574538637,0.10421666579026331,0.09951666581789571,0.08729166584010344,0.024999997241032818,0.07499999517303343,0.12499999550932528,0.17499999498089094,0.22499999527736433,0.2749999960078658,0.3499999995039708,0.44999999983184696,0.549999999039556,1.0,0.02999999659243376,0.05899999517274593,0.07699999564930726,0.08829999536750098,0.09549999527831098,0.10049999517683089,0.10449999531460422,0.10364999506350116,0.09724999486650993,0.0,,,
0.0,0.024999997241032818,0.07499999517303343,0.12499999550932528,0.17499999498089094,0.22499999527736433,0.2749999960078658,0.3499999995039708,0.44999999983184696,0.549999999039556,0.0,0.02999999659243376,0.05899999517274593,0.07699999564930726,0.08829999536750098,0.09549999527831098,0.10049999517683089,0.10449999531460422,0.10364999506350116,0.09724999486650993,0.006250005133917589,0.031249989346403332,0.08749999128284211,0.13749999133695973,0.18749999021589148,0.23749999195082763,0.28749998851517156,0.37916666666544335,0.47500000018943594,0.5749999986166651,0.01437500309778611,0.034374990086987904,0.0647499912598114,0.08024999195861487,0.09062499146631013,0.0970083248200161,0.10195832407087727,0.10570832488382206,0.103083324336739,0.09498332391512414,0.018750005135662304,0.062499999063224766,0.11249999968169083,0.1624999997458904,0.21249999860390104,0.26250000350056,0.3208333323424983,0.424999999474258,0.5249999994624469,0.6249999995835167,0.025625003097879614,0.053249999085680455,0.07374999933999965,0.08597499926869183,0.09399166573660585,0.09904166628278452,0.10329166574538637,0.10421666579026331,0.09951666581789571,0.08729166584010344,0.024999997241032818,0.07499999517303343,0.12499999550932528,0.17499999498089094,0.22499999527736433,0.2749999960078658,0.3499999995039708,0.44999999983184696,0.549999999039556,1.0,0.02999999659243376,0.05899999517274593,0.07699999564930726,0.08829999536750098,0.09549999527831098,0.10049999517683089,0.10449999531460422,0.10364999506350116,0.09724999486650993,0.0,0.0,0.024999997241032818,0.07499999517303343,0.12499999550932528,0.17499999498089094,0.22499999527736433,0.2749999960078658,0.3499999995039708,0.44999999983184696,0.549999999039556,0.0,0.02999999659243376,0.05899999517274593,0.07699999564930726,0.08829999536750098,0.09549999527831098,0.10049999517683089,0.10449999531460422,0.10364999506350116,0.09724999486650993,0.006250005133917589,0.031249989346403332,0.08749999128284211,0.13749999133695973,0.18749999021589148,0.23749999195082763,0.28749998851517156,0.37916666666544335,0.47500000018943594,0.5749999986166651,0.01437500309778611,0.034374990086987904,0.0647499912598114,0.08024999195861487,0.09062499146631013,0.0970083248200161,0.10195832407087727,0.10570832488382206,0.103083324336739,0.09498332391512414,0.018750005135662304,0.062499999063224766,0.11249999968169083,0.1624999997458904,0.21249999860390104,0.26250000350056,0.3208333323424983,0.424999999474258,0.5249999994624469,0.6249999995835167,0.025625003097879614,0.053249999085680455,0.07374999933999965,0.08597499926869183,0.09399166573660585,0.09904166628278452,0.10329166574538637,0.10421666579026331,0.09951666581789571,0.08729166584010344,0.024999997241032818,0.07499999517303343,0.12499999550932528,0.17499999498089094,0.22499999527736433,0.2749999960078658,0.3499999995039708,0.44999999983184696,0.549999999039556,1.0,0.02999999659243376,0.05899999517274593,0.07699999564930726,0.08829999536750098,0.09549999527831098,0.10049999517683089,0.10449999531460422,0.10364999506350116,0.09724999486650993,0.0,,,
0.0,0.027571079997411197,0.08848212692034654,0.14723615902234685,0.20083392776857154,0.24709489722262779,0.3013210272939166,0.3605159802741175,0.443095562412042,0.5314871724108292,0.0,0.03005217677900647,0.05878413240734607,0.0733528612388086,0.08031169813940908,0.08469169315947014,0.08713904602377513,0.09262143305185627,0.09571481369057587,0.09405368675145419,0.00644951285786517,0.03682701977993487,0.10420529649415654,0.16175341574318008,0.21336810412862994,0.2556351613786492,0.3045708979119128,0.3843881772581201,0.46202841644881354,0.5546568691672945,0.013391277800378843,0.03535492716504109,0.06364624793361615,0.07525344618222846,0.0813100972272069,0.08547865089218563,0.08902636326275243,0.09463284388489951,0.09672089443652868,0.09298737893774754,0.01831514021488752,0.07275895734653655,0.13271890230151362,0.18829975140851313,0.23855463306660635,0.2980711566759204,0.33664378329011496,0.4241627083752705,0.5083174756543639,0.6040991248233191,0.024749426392971847,0.05392201688107599,0.07145227629538875,0.07931329905161126,0.08390473542675465,0.08525172878479784,0.09061002221881304,0.09470873294462306,0.09511999456516083,0.08669308540550133,0.027571079997411197,0.08848212692034654,0.14723615902234685,0.20083392776857154,0.24709489722262779,0.3013210272939166,0.3605159802741175,0.443095562412042,0.5314871724108292,1.0,0.03005217677900647,0.05878413240734607,0.0733528612388086,0.08031169813940908,0.08469169315947014,0.08713904602377513,0.09262143305185627,0.09571481369057587,0.09405368675145419,0.0,0.0,0.027571079997411197,0.08848212692034654,0.14723615902234685,0.20083392776857154,0.24709489722262779,0.3013210272939166,0.3605159802741175,0.443095562412042,0.5314871724108292,0.0,0.03005217677900647,0.05878413240734607,0.0733528612388086,0.08031169813940908,0.08469169315947014,0.08713904602377513,0.09262143305185627,0.09571481369057587,0.09405368675145419,0.00644951285786517,0.03682701977993487,0.10420529649415654,0.16175341574318008,0.21336810412862994,0.2556351613786492,0.3045708979119128,0.3843881772581201,0.46202841644881354,0.5546568691672945,0.013391277800378843,0.03535492716504109,0.06364624793361615,0.07525344618222846,0.0813100972272069,0.08547865089218563,0.08902636326275243,0.09463284388489951,0.09672089443652868,0.09298737893774754,0.01831514021488752,0.07275895734653655,0.13271890230151362,0.18829975140851313,0.23855463306660635,0.2980711566759204,0.33664378329011496,0.4241627083752705,0.5083174756543639,0.6040991248233191,0.024749426392971847,0.05392201688107599,0.07145227629538875,0.07931329905161126,0.08390473542675465,0.08525172878479784,0.09061002221881304,0.09470873294462306,0.09511999456516083,0.08669308540550133,0.027571079997411197,0.08848212692034654,0.14723615902234685,0.20083392776857154,0.24709489722262779,0.3013210272939166,0.3605159802741175,0.443095562412042,0.5314871724108292,1.0,0.03005217677900647,0.05878413240734607,0.0733528612388086,0.08031169813940908,0.08469169315947014,0.08713904602377513,0.09262143305185627,0.09571481369057587,0.09405368675145419,0.0,0.3001,0.0078,38.47435897435897
0.0,0.02700496796417779,0.08477567202962355,0.1447288070330605,0.2063068394108919,0.2642069255441066,0.3332041579944483,0.4088729226842057,0.5071793933639485,0.6045236447111455,0.0,0.03307954358570285,0.06594634436711878,0.086141581506022,0.09755636034192547,0.10317831527642074,0.10411771244401478,0.10498104771166998,0.101040034275458,0.09227052580179446,0.006210154528067859,0.03520863564413121,0.10031541901429795,0.1611352387933395,0.2230814428617024,0.27820028125348883,0.344303131859221,0.4395971912942757,0.5330774663958116,0.6305782580989054,0.015500266925985702,0.038919530801429694,0.07285168324516933,0.09003390455931413,0.09988891072453934,0.1041729911597713,0.10514044001238082,0.10532074180137403,0.09966479907412965,0.0893401208976165,0.01880130028422437,0.06923592504494915,0.12832237527278154,0.1895322359600814,0.2502135698347243,0.3221051841296756,0.3781486540741357,0.4812813203320853,0.5784690313233856,0.6748319599743479,0.027239556369976006,0.059041005489068245,0.08224925845272986,0.0952238099593116,0.10218363939307018,0.10309498487564875,0.10464135362196593,0.10241526947678636,0.09520093070597241,0.08118436624180383,0.02700496796417779,0.08477567202962355,0.1447288070330605,0.2063068394108919,0.2642069255441066,0.3332041579944483,0.4088729226842057,0.5071793933639485,0.6045236447111455,1.0,0.03307954358570285,0.06594634436711878,0.086141581506022,0.09755636034192547,0.10317831527642074,0.10411771244401478,0.10498104771166998,0.101040034275458,0.09227052580179446,0.0,0.0,0.02700496796417779,0.08477567202962355,0.1447288070330605,0.2063068394108919,0.2642069255441066,0.3332041579944483,0.4088729226842057,0.5071793933639485,0.6045236447111455,0.0,0.03307954358570285,0.06594634436711878,0.086141581506022,0.09755636034192547,0.10317831527642074,0.10411771244401478,0.10498104771166998,0.101040034275458,0.09227052580179446,0.006210154528067859,0.03520863564413121,0.10031541901429795,0.1611352387933395,0.2230814428617024,0.27820028125348883,0.344303131859221,0.4395971912942757,0.5330774663958116,0.6305782580989054,0.015500266925985702,0.038919530801429694,0.07285168324516933,0.09003390455931413,0.09988891072453934,0.1041729911597713,0.10514044001238082,0.10532074180137403,0.09966479907412965,0.0893401208976165,0.01880130028422437,0.06923592504494915,0.12832237527278154,0.1895322359600814,0.2502135698347243,0.3221051841296756,0.3781486540741357,0.4812813203320853,0.5784690313233856,0.6748319599743479,0.027239556369976006,0.059041005489068245,0.08224925845272986,0.0952238099593116,0.10218363939307018,0.10309498487564875,0.10464135362196593,0.10241526947678636,0.09520093070597241,0.08118436624180383,0.02700496796417779,0.08477567202962355,0.1447288070330605,0.2063068394108919,0.2642069255441066,0.3332041579944483,0.4088729226842057,0.5071793933639485,0.6045236447111455,1.0,0.03307954358570285,0.06594634436711878,0.086141581506022,0.09755636034192547,0.10317831527642074,0.10411771244401478,0.10498104771166998,0.101040034275458,0.09227052580179446,0.0,0.4445,0.00737,60.312075983717776
0.0,0.030993738237333528,0.10265537444822026,0.17791686531250622,0.2535604786516156,0.316339761653534,0.3740712584954948,0.4437439825123561,0.5360277593327951,0.6290078630795155,0.0,0.0385558543098001,0.07709921932742564,0.1004013646831159,0.11209034216233614,0.11569499474308147,0.11459652720447165,0.11185560350623253,0.10454039932763326,0.09343255634987566,0.006205915293795686,0.04267131951287664,0.12276275594024177,0.19927564613682774,0.2741301495140334,0.3285899195492846,0.38438701407552955,0.4736803247860943,0.559824529856307,0.6555755957560314,0.01719430854069747,0.046511372654485475,0.08536407036734725,0.10481583207557886,0.1141693847280393,0.11573907478637174,0.11448407428168383,0.11098048983746683,0.10227219485677763,0.08977606296268612,0.019316156961790416,0.08254799295619875,0.1565580844881847,0.23299080778919773,0.3040896037577834,0.36375550291546,0.4138076402386179,0.5122309888092832,0.6024401304029996,0.6973500924708412,0.030600335965114734,0.06883436828750403,0.09598689729065295,0.11001129959663299,0.11565091469979119,0.11470898012725947,0.11273071717499822,0.10680860379848889,0.0970890497370652,0.08101950630809875,0.030993738237333528,0.10265537444822026,0.17791686531250622,0.2535604786516156,0.316339761653534,0.3740712584954948,0.4437439825123561,0.5360277593327951,0.6290078630795155,1.0,0.0385558543098001,0.07709921932742564,0.1004013646831159,0.11209034216233614,0.11569499474308147,0.11459652720447165,0.11185560350623253,0.10454039932763326,0.09343255634987566,0.0,0.0,0.030993738237333528,0.10265537444822026,0.17791686531250622,0.2535604786516156,0.316339761653534,0.3740712584954948,0.4437439825123561,0.5360277593327951,0.6290078630795155,0.0,0.0385558543098001,0.07709921932742564,0.1004013646831159,0.11209034216233614,0.11569499474308147,0.11459652720447165,0.11185560350623253,0.10454039932763326,0.09343255634987566,0.006205915293795686,0.04267131951287664,0.12276275594024177,0.19927564613682774,0.2741301495140334,0.3285899195492846,0.38438701407552955,0.4736803247860943,0.559824529856307,0.6555755957560314,0.01719430854069747,0.046511372654485475,0.08536407036734725,0.10481583207557886,0.1141693847280393,0.11573907478637174,0.11448407428168383,0.11098048983746683,0.10227219485677763,0.08977606296268612,0.019316156961790416,0.08254799295619875,0.1565580844881847,0.23299080778919773,0.3040896037577834,0.36375550291546,0.4138076402386179,0.5122309888092832,0.6024401304029996,0.6973500924708412,0.030600335965114734,0.06883436828750403,0.09598689729065295,0.11001129959663299,0.11565091469979119,0.11470898012725947,0.11273071717499822,0.10680860379848889,0.0970890497370652,0.08101950630809875,0.030993738237333528,0.10265537444822026,0.17791686531250622,0.2535604786516156,0.316339761653534,0.3740712584954948,0.4437439825123561,0.5360277593327951,0.6290078630795155,1.0,0.0385558543098001,0.07709921932742564,0.1004013646831159,0.11209034216233614,0.11569499474308147,0.11459652720447165,0.11185560350623253,0.10454039932763326,0.09343255634987566,0.0,0.5491,0.00705,77.88652482269504
0.0,0.026028991089283526,0.0847226665872201,0.14366794940131966,0.20137009729188965,0.2592594698776062,0.3292599994529445,0.411160136769161,0.512860646225297,0.6150375575139486,0.0,0.025818826265039098,0.0524359394605089,0.06558699877597923,0.0722871922820617,0.076923832631289,0.07965047888742505,0.08413040571567645,0.08451856008998633,0.07953201266555752,0.0062901475480118315,0.03478381220253547,0.10131743481144025,0.15983275988267737,0.21776778111019535,0.2762369622038667,0.34354554376794544,0.4442194075735192,0.5411783875314483,0.6434118767046971,0.012266715013779444,0.030388036859984077,0.05743050941103304,0.06763386206804178,0.073826422858033,0.07827486985141989,0.08165056618699204,0.08590331580049224,0.08458680359976765,0.07763022035712372,0.017274169976031577,0.06812789836299994,0.12750313891996196,0.18497241347358395,0.24228197755134567,0.31497445513794353,0.37810086596480286,0.48454290491914576,0.5866632383232001,0.6864213907653068,0.02124961567009412,0.04744136950998477,0.06354013548391668,0.07074796170609039,0.07557279541115812,0.07765039158785805,0.08235749563086067,0.084450316580205,0.08143380497399133,0.07098359201963678,0.026028991089283526,0.0847226665872201,0.14366794940131966,0.20137009729188965,0.2592594698776062,0.3292599994529445,0.411160136769161,0.512860646225297,0.6150375575139486,1.0,0.025818826265039098,0.0524359394605089,0.06558699877597923,0.0722871922820617,0.076923832631289,0.07965047888742505,0.08413040571567645,0.08451856008998633,0.07953201266555752,0.0,0.0,0.026028991089283526,0.0847226665872201,0.14366794940131966,0.20137009729188965,0.2592594698776062,0.3292599994529445,0.411160136769161,0.512860646225297,0.6150375575139486,0.0,0.025818826265039098,0.0524359394605089,0.06558699877597923,0.0722871922820617,0.076923832631289,0.07965047888742505,0.08413040571567645,0.08451856008998633,0.07953201266555752,0.0062901475480118315,0.03478381220253547,0.10131743481144025,0.15983275988267737,0.21776778111019535,0.2762369622038667,0.34354554376794544,0.4442194075735192,0.5411783875314483,0.6434118767046971,0.012266715013779444,0.030388036859984077,0.05743050941103304,0.06763386206804178,0.073826422858033,0.07827486985141989,0.08165056618699204,0.08590331580049224,0.08458680359976765,0.07763022035712372,0.017274169976031577,0.06812789836299994,0.12750313891996196,0.18497241347358395,0.24228197755134567,0.31497445513794353,0.37810086596480286,0.48454290491914576,0.5866632383232001,0.6864213907653068,0.02124961567009412,0.04744136950998477,0.06354013548391668,0.07074796170609039,0.07557279541115812,0.07765039158785805,0.08235749563086067,0.084450316580205,0.08143380497399133,0.07098359201963678,0.026028991089283526,0.0847226665872201,0.14366794940131966,0.20137009729188965,0.2592594698776062,0.3292599994529445,0.411160136769161,0.512860646225297,0.6150375575139486,1.0,0.025818826265039098,0.0524359394605089,0.06558699877597923,0.0722871922820617,0.076923832631289,0.07965047888742505,0.08413040571567645,0.08451856008998633,0.07953201266555752,0.0,0.3472,0.00742,46.79245283018868
0.0,0.02423881796439188,0.07864880883994163,0.1316768707594295,0.18223945697452615,0.23765592435225583,0.30909913143916895,0.39605777738413456,0.5022770407654761,0.609369120899376,0.0,0.020365655825640334,0.04176849505631888,0.050228915960839796,0.05443507103672175,0.059298040876412,0.06405123718908676,0.07173166625349488,0.07544922820140366,0.07301411330370128,0.006309262680637765,0.03207471376742393,0.09413064257707118,0.14586235831159064,0.1969175405663315,0.2563058720847746,0.32545026853543096,0.4305269849473721,0.5325154420110102,0.6388034989249848,0.010114992798390255,0.02347212216050476,0.04527614114021672,0.05110335841895465,0.055647345044655655,0.06115884338133067,0.06693034792429409,0.0746501761776692,0.07651954833643373,0.0718331158214311,0.016402922161359836,0.06316697510281208,0.11749138320726835,0.16756137338272079,0.219005976619737,0.29274799434290694,0.361588569820897,0.47203863951994196,0.5799347428737672,0.6828309338195616,0.017259189490775907,0.03826084897242105,0.04935447350272494,0.05322279702878785,0.05743723837149333,0.06117212645387943,0.06881315632932056,0.0743789080663736,0.07419511078597145,0.06605340635347831,0.02423881796439188,0.07864880883994163,0.1316768707594295,0.18223945697452615,0.23765592435225583,0.30909913143916895,0.39605777738413456,0.5022770407654761,0.609369120899376,1.0,0.020365655825640334,0.04176849505631888,0.050228915960839796,0.05443507103672175,0.059298040876412,0.06405123718908676,0.07173166625349488,0.07544922820140366,0.07301411330370128,0.0,0.0,0.02423881796439188,0.07864880883994163,0.1316768707594295,0.18223945697452615,0.23765592435225583,0.30909913143916895,0.39605777738413456,0.5022770407654761,0.609369120899376,0.0,0.020365655825640334,0.04176849505631888,0.050228915960839796,0.05443507103672175,0.059298040876412,0.06405123718908676,0.07173166625349488,0.07544922820140366,0.07301411330370128,0.006309262680637765,0.03207471376742393,0.09413064257707118,0.14586235831159064,0.1969175405663315,0.2563058720847746,0.32545026853543096,0.4305269849473721,0.5325154420110102,0.6388034989249848,0.010114992798390255,0.02347212216050476,0.04527614114021672,0.05110335841895465,0.055647345044655655,0.06115884338133067,0.06693034792429409,0.0746501761776692,0.07651954833643373,0.0718331158214311,0.016402922161359836,0.06316697510281208,0.11749138320726835,0.16756137338272079,0.219005976619737,0.29274799434290694,0.361588569820897,0.47203863951994196,0.5799347428737672,0.6828309338195616,0.017259189490775907,0.03826084897242105,0.04935447350272494,0.05322279702878785,0.05743723837149333,0.06117212645387943,0.06881315632932056,0.0743789080663736,0.07419511078597145,0.06605340635347831,0.02423881796439188,0.07864880883994163,0.1316768707594295,0.18223945697452615,0.23765592435225583,0.30909913143916895,0.39605777738413456,0.5022770407654761,0.609369120899376,1.0,0.020365655825640334,0.04176849505631888,0.050228915960839796,0.05443507103672175,0.059298040876412,0.06405123718908676,0.07173166625349488,0.07544922820140366,0.07301411330370128,0.0,0.2774,0.00781,35.51856594110115
0.0,0.024464200263009946,0.07945499562606471,0.132894394475697,0.1833806294531173,0.23779450202879593,0.31819670673197253,0.3973543058134685,0.493474212008402,0.5914241176962806,0.0,0.02150227161026449,0.044067288349087914,0.05324261038352455,0.057528690054931345,0.062116977986576956,0.06475687190755391,0.07228298245604803,0.07710511608553225,0.07657109849483101,0.0064549900565885766,0.03246646839439452,0.09488457948572888,0.1470861693987312,0.19760909652805034,0.25512963351262014,0.3292698147554895,0.42861867616899124,0.5204020604854306,0.6186550708504798,0.010274300601759212,0.025245557480112195,0.04773245960162487,0.05430129813880275,0.05858602699631259,0.06376294777426571,0.06767804007846136,0.0752989835121588,0.07867555106314794,0.07590070805342271,0.01646193213162537,0.06402541176640054,0.1187026195526628,0.16915216237818428,0.22045937054497172,0.30712359870845557,0.3660899354579457,0.46654636353137346,0.5641931645420813,0.6616250086345872,0.01775898574041679,0.040402117096550956,0.052183922628246344,0.0564713531135501,0.060471008198888204,0.06183570373664647,0.06926698139993726,0.07553468110791656,0.07724148893623932,0.07066368601947405,0.024464200263009946,0.07945499562606471,0.132894394475697,0.1833806294531173,0.23779450202879593,0.31819670673197253,0.3973543058134685,0.493474212008402,0.5914241176962806,1.0,0.02150227161026449,0.044067288349087914,0.05324261038352455,0.057528690054931345,0.062116977986576956,0.06475687190755391,0.07228298245604803,0.07710511608553225,0.07657109849483101,0.0,0.0,0.024464200263009946,0.07945499562606471,0.132894394475697,0.1833806294531173,0.23779450202879593,0.31819670673197253,0.3973543058134685,0.493474212008402,0.5914241176962806,0.0,0.02150227161026449,0.044067288349087914,0.05324261038352455,0.057528690054931345,0.062116977986576956,0.06475687190755391,0.07228298245604803,0.07710511608553225,0.07657109849483101,0.0064549900565885766,0.03246646839439452,0.09488457948572888,0.1470861693987312,0.19760909652805034,0.25512963351262014,0.3292698147554895,0.42861867616899124,0.5204020604854306,0.6186550708504798,0.010274300601759212,0.025245557480112195,0.04773245960162487,0.05430129813880275,0.05858602699631259,0.06376294777426571,0.06767804007846136,0.0752989835121588,0.07867555106314794,0.07590070805342271,0.01646193213162537,0.06402541176640054,0.1187026195526628,0.16915216237818428,0.22045937054497172,0.30712359870845557,0.3660899354579457,0.46654636353137346,0.5641931645420813,0.6616250086345872,0.01775898574041679,0.040402117096550956,0.052183922628246344,0.0564713531135501,0.060471008198888204,0.06183570373664647,0.06926698139993726,0.07553468110791656,0.07724148893623932,0.07066368601947405,0.024464200263009946,0.07945499562606471,0.132894394475697,0.1833806294531173,0.23779450202879593,0.31819670673197253,0.3973543058134685,0.493474212008402,0.5914241176962806,1.0,0.02150227161026449,0.044067288349087914,0.05324261038352455,0.057528690054931345,0.062116977986576956,0.06475687190755391,0.07228298245604803,0.07710511608553225,0.07657109849483101,0.0,0.1816,0.00792,22.92929292929293
0.0,0.024999997241032818,0.07499999517303343,0.12499999550932528,0.17499999498089094,0.22499999527736433,0.2749999960078658,0.3499999995039708,0.44999999983184696,0.549999999039556,0.0,0.02999999659243376,0.05899999517274593,0.07699999564930726,0.08829999536750098,0.09549999527831098,0.10049999517683089,0.10449999531460422,0.10364999506350116,0.09724999486650993,0.006250005133917589,0.031249989346403332,0.08749999128284211,0.13749999133695973,0.18749999021589148,0.23749999195082763,0.28749998851517156,0.37916666666544335,0.47500000018943594,0.5749999986166651,0.01437500309778611,0.034374990086987904,0.0647499912598114,0.08024999195861487,0.09062499146631013,0.0970083248200161,0.10195832407087727,0.10570832488382206,0.103083324336739,0.09498332391512414,0.018750005135662304,0.062499999063224766,0.11249999968169083,0.1624999997458904,0.21249999860390104,0.26250000350056,0.3208333323424983,0.424999999474258,0.5249999994624469,0.6249999995835167,0.025625003097879614,0.053249999085680455,0.07374999933999965,0.08597499926869183,0.09399166573660585,0.09904166628278452,0.10329166574538637,0.10421666579026331,0.09951666581789571,0.08729166584010344,0.024999997241032818,0.07499999517303343,0.12499999550932528,0.17499999498089094,0.22499999527736433,0.2749999960078658,0.3499999995039708,0.44999999983184696,0.549999999039556,1.0,0.02999999659243376,0.05899999517274593,0.07699999564930726,0.08829999536750098,0.09549999527831098,0.10049999517683089,0.10449999531460422,0.10364999506350116,0.09724999486650993,0.0,0.0,0.024999997241032818,0.07499999517303343,0.12499999550932528,0.17499999498089094,0.22499999527736433,0.2749999960078658,0.3499999995039708,0.44999999983184696,0.549999999039556,0.0,0.02999999659243376,0.05899999517274593,0.07699999564930726,0.08829999536750098,0.09549999527831098,0.10049999517683089,0.10449999531460422,0.10364999506350116,0.09724999486650993,0.006250005133917589,0.031249989346403332,0.08749999128284211,0.13749999133695973,0.18749999021589148,0.23749999195082763,0.28749998851517156,0.37916666666544335,0.47500000018943594,0.5749999986166651,0.01437500309778611,0.034374990086987904,0.0647499912598114,0.08024999195861487,0.09062499146631013,0.0970083248200161,0.10195832407087727,0.10570832488382206,0.103083324336739,0.09498332391512414,0.018750005135662304,0.062499999063224766,0.11249999968169083,0.1624999997458904,0.21249999860390104,0.26250000350056,0.3208333323424983,0.424999999474258,0.5249999994624469,0.6249999995835167,0.025625003097879614,0.053249999085680455,0.07374999933999965,0.08597499926869183,0.09399166573660585,0.09904166628278452,0.10329166574538637,0.10421666579026331,0.09951666581789571,0.08729166584010344,0.024999997241032818,0.07499999517303343,0.12499999550932528,0.17499999498089094,0.22499999527736433,0.2749999960078658,0.3499999995039708,0.44999999983184696,0.549999999039556,1.0,0.02999999659243376,0.05899999517274593,0.07699999564930726,0.08829999536750098,0.09549999527831098,0.10049999517683089,0.10449999531460422,0.10364999506350116,0.09724999486650993,0.0,,,
0.0,0.023237059836212593,0.07081640436497257,0.11874013789704708,0.16784565218809008,0.22389909204914932,0.28631395896489364,0.3780292834882098,0.49175531819590396,0.6028976026351904,0.0,0.023674980131275072,0.047919248352864006,0.061473079330563715,0.07035405398696437,0.07741973145315333,0.08350626993209927,0.08900768223407347,0.08889265922305964,0.0824109221041473,0.006175653700302033,0.02905619416262011,0.08377027638667986,0.1315105737106873,0.18202622986507336,0.24272634451090874,0.30647399140109105,0.413755802691163,0.5236466356861108,0.6319786192895493,0.012111625460434669,0.026766791917869237,0.0527023266970267,0.06388162792589423,0.0726475866506277,0.0795254224449665,0.08565259587680454,0.09087626168575749,0.08851640061429542,0.08017265875666683,0.017417925509805077,0.05786253234326527,0.10596970208340686,0.1536650745111068,0.2050718395873899,0.26615392652869624,0.3423027642852566,0.4598640007056971,0.5738165859808315,0.6780494070266327,0.020583168344680908,0.04313617000870131,0.0590645307352332,0.06806052132330104,0.07531404046134015,0.08135994398739399,0.08713910278238945,0.08926891783182386,0.08464918545162776,0.07296561550301459,0.023237059836212593,0.07081640436497257,0.11874013789704708,0.16784565218809008,0.22389909204914932,0.28631395896489364,0.3780292834882098,0.49175531819590396,0.6028976026351904,1.0,0.023674980131275072,0.047919248352864006,0.061473079330563715,0.07035405398696437,0.07741973145315333,0.08350626993209927,0.08900768223407347,0.08889265922305964,0.0824109221041473,0.0,0.0,0.023237059836212593,0.07081640436497257,0.11874013789704708,0.16784565218809008,0.22389909204914932,0.28631395896489364,0.3780292834882098,0.49175531819590396,0.6028976026351904,0.0,0.023674980131275072,0.047919248352864006,0.061473079330563715,0.07035405398696437,0.07741973145315333,0.08350626993209927,0.08900768223407347,0.08889265922305964,0.0824109221041473,0.006175653700302033,0.02905619416262011,0.08377027638667986,0.1315105737106873,0.18202622986507336,0.24272634451090874,0.30647399140109105,0.413755802691163,0.5236466356861108,0.6319786192895493,0.012111625460434669,0.026766791917869237,0.0527023266970267,0.06388162792589423,0.0726475866506277,0.0795254224449665,0.08565259587680454,0.09087626168575749,0.08851640061429542,0.08017265875666683,0.017417925509805077,0.05786253234326527,0.10596970208340686,0.1536650745111068,0.2050718395873899,0.26615392652869624,0.3423027642852566,0.4598640007056971,0.5738165859808315,0.6780494070266327,0.020583168344680908,0.04313617000870131,0.0590645307352332,0.06806052132330104,0.07531404046134015,0.08135994398739399,0.08713910278238945,0.08926891783182386,0.08464918545162776,0.07296561550301459,0.023237059836212593,0.07081640436497257,0.11874013789704708,0.16784565218809008,0.22389909204914932,0.28631395896489364,0.3780292834882098,0.49175531819590396,0.6028976026351904,1.0,0.023674980131275072,0.047919248352864006,0.061473079330563715,0.07035405398696437,0.07741973145315333,0.08350626993209927,0.08900768223407347,0.08889265922305964,0.0824109221041473,0.0,0.384,0.00679,56.553755522827686
0.0,0.025713602516983285,0.08697384385948434,0.1447956975101981,0.19637759983545464,0.24829822621875752,0.31105099436695127,0.396251859366498,0.5040199854659311,0.6164581070449119,0.0,0.018099366186610073,0.03656222322758686,0.04031813625986658,0.040373821755521455,0.043380669028618625,0.04953927920175495,0.059459053124632066,0.06546379426709031,0.06443638969934568,0.006225724803054596,0.03546563635482694,0.10463495670849854,0.15987013016284896,0.21102889469802327,0.26504676818694656,0.3269080206669676,0.4309250428685422,0.5341782064762935,0.6475887075481349,0.008888222810446537,0.020638607117890964,0.038771180466695775,0.03955172970204582,0.04064401070004184,0.04506011581369153,0.05296215839230684,0.06313988540199764,0.06726012471094676,0.06357920430508401,0.01596156867913963,0.06931273101047014,0.12972126485754726,0.181726304972886,0.2315496842505685,0.29519396806693493,0.36157867586445375,0.4738617644555686,0.5853275065416889,0.6939278046116693,0.015560125255329184,0.03435326598847794,0.041084542817687336,0.04010363281100107,0.04170122224354572,0.04611640001120306,0.055778220847266496,0.06366746382323386,0.06529357509360734,0.058143800178236685,0.025713602516983285,0.08697384385948434,0.1447956975101981,0.19637759983545464,0.24829822621875752,0.31105099436695127,0.396251859366498,0.5040199854659311,0.6164581070449119,1.0,0.018099366186610073,0.03656222322758686,0.04031813625986658,0.040373821755521455,0.043380669028618625,0.04953927920175495,0.059459053124632066,0.06546379426709031,0.06443638969934568,0.0,0.0,0.025713602516983285,0.08697384385948434,0.1447956975101981,0.19637759983545464,0.24829822621875752,0.31105099436695127,0.396251859366498,0.5040199854659311,0.6164581070449119,0.0,0.018099366186610073,0.03656222322758686,0.04031813625986658,0.040373821755521455,0.043380669028618625,0.04953927920175495,0.059459053124632066,0.06546379426709031,0.06443638969934568,0.006225724803054596,0.03546563635482694,0.10463495670849854,0.15987013016284896,0.21102889469802327,0.26504676818694656,0.3269080206669676,0.4309250428685422,0.5341782064762935,0.6475887075481349,0.008888222810446537,0.020638607117890964,0.038771180466695775,0.03955172970204582,0.04064401070004184,0.04506011581369153,0.05296215839230684,0.06313988540199764,0.06726012471094676,0.06357920430508401,0.01596156867913963,0.06931273101047014,0.12972126485754726,0.181726304972886,0.2315496842505685,0.29519396806693493,0.36157867586445375,0.4738617644555686,0.5853275065416889,0.6939278046116693,0.015560125255329184,0.03435326598847794,0.041084542817687336,0.04010363281100107,0.04170122224354572,0.04611640001120306,0.055778220847266496,0.06366746382323386,0.06529357509360734,0.058143800178236685,0.025713602516983285,0.08697384385948434,0.1447956975101981,0.19637759983545464,0.24829822621875752,0.31105099436695127,0.396251859366498,0.5040199854659311,0.6164581070449119,1.0,0.018099366186610073,0.03656222322758686,0.04031813625986658,0.040373821755521455,0.043380669028618625,0.04953927920175495,0.059459053124632066,0.06546379426709031,0.06443638969934568,0.0,0.3461,0.00782,44.25831202046036
0.0,0.023362870709494728,0.07154352379122905,0.1206964588731483,0.1717173477184923,0.23007783324155429,0.2850704383063657,0.38276698016026983,0.5033851823467069,0.6203034815227927,0.0,0.023579378780323866,0.04796089064097995,0.06186249331566109,0.0711907217435845,0.07843129029224907,0.08572774930899833,0.09058064985280588,0.08891272366609826,0.08056239193424022,0.006084218621498333,0.029300555389695244,0.08496116089951702,0.13410202013429984,0.18686090347178713,0.2502643283481747,0.3096526938278146,0.42102557344669556,0.5377301198643532,0.6510519558517165,0.012257726318698089,0.026540934703732366,0.052958318442918206,0.06439635760820377,0.07368972711819854,0.08060996826243957,0.0876119333339179,0.0921269514377425,0.08796122222906136,0.07781731418967555,0.01742518602929421,0.05812588668294107,0.10729089761199677,0.1565737919651975,0.20989133813493388,0.2604881827849168,0.3445083868738441,0.46904024482906065,0.5895550071938689,0.6969914490749493,0.020617822856915366,0.04296346283904169,0.05932862902311842,0.06869171636897045,0.07625261232205857,0.08384356528407877,0.08903434826786927,0.08986422510313516,0.0833074696788049,0.0701348696241253,0.023362870709494728,0.07154352379122905,0.1206964588731483,0.1717173477184923,0.23007783324155429,0.2850704383063657,0.38276698016026983,0.5033851823467069,0.6203034815227927,1.0,0.023579378780323866,0.04796089064097995,0.06186249331566109,0.0711907217435845,0.07843129029224907,0.08572774930899833,0.09058064985280588,0.08891272366609826,0.08056239193424022,0.0,0.0,0.023362870709494728,0.07154352379122905,0.1206964588731483,0.1717173477184923,0.23007783324155429,0.2850704383063657,0.38276698016026983,0.5033851823467069,0.6203034815227927,0.0,0.023579378780323866,0.04796089064097995,0.06186249331566109,0.0711907217435845,0.07843129029224907,0.08572774930899833,0.09058064985280588,0.08891272366609826,0.08056239193424022,0.006084218621498333,0.029300555389695244,0.08496116089951702,0.13410202013429984,0.18686090347178713,0.2502643283481747,0.3096526938278146,0.42102557344669556,0.5377301198643532,0.6510519558517165,0.012257726318698089,0.026540934703732366,0.052958318442918206,0.06439635760820377,0.07368972711819854,0.08060996826243957,0.0876119333339179,0.0921269514377425,0.08796122222906136,0.07781731418967555,0.01742518602929421,0.05812588668294107,0.10729089761199677,0.1565737919651975,0.20989133813493388,0.2604881827849168,0.3445083868738441,0.46904024482906065,0.5895550071938689,0.6969914490749493,0.020617822856915366,0.04296346283904169,0.05932862902311842,0.06869171636897045,0.07625261232205857,0.08384356528407877,0.08903434826786927,0.08986422510313516,0.0833074696788049,0.0701348696241253,0.023362870709494728,0.07154352379122905,0.1206964588731483,0.1717173477184923,0.23007783324155429,0.2850704383063657,0.38276698016026983,0.5033851823467069,0.6203034815227927,1.0,0.023579378780323866,0.04796089064097995,0.06186249331566109,0.0711907217435845,0.07843129029224907,0.08572774930899833,0.09058064985280588,0.08891272366609826,0.08056239193424022,0.0,0.4496,0.00772,58.23834196891192
0.0,0.023997546357357756,0.07775939686498728,0.12986305297340298,0.17893129143568182,0.23397650297395298,0.28330837055234326,0.37637724247908255,0.4905066072312409,0.6050870383651786,0.0,0.01904518857604383,0.039186588862582944,0.046977240300983054,0.05139457772517245,0.05687804007044924,0.06505840876743889,0.07319924571800072,0.076437460390295,0.07299152391625136,0.006241553629010829,0.03165590870810393,0.09316739901908258,0.1436903157793415,0.19317206465004094,0.25346374727137766,0.3059933102007133,0.4130220578110578,0.5229064871479072,0.6361912423149424,0.009716919899287618,0.021557980012661692,0.042461679204488414,0.04763328391733472,0.05274415079432724,0.0589427051975933,0.06767847966848126,0.07606833142104913,0.07721296632722285,0.07152968133643915,0.016339184006611576,0.06235139471089198,0.11603579016746447,0.1646905182213227,0.2144892586765283,0.2606234309039732,0.33973242714710733,0.4581067273145745,0.5739828344154149,0.6824425408764628,0.016532397139425965,0.03591149852067747,0.04632119668463139,0.050045004656017654,0.05481337494330518,0.062438337866396514,0.07033016001495232,0.07566195445336715,0.07445336649606356,0.06548683230831336,0.023997546357357756,0.07775939686498728,0.12986305297340298,0.17893129143568182,0.23397650297395298,0.28330837055234326,0.37637724247908255,0.4905066072312409,0.6050870383651786,1.0,0.01904518857604383,0.039186588862582944,0.046977240300983054,0.05139457772517245,0.05687804007044924,0.06505840876743889,0.07319924571800072,0.076437460390295,0.07299152391625136,0.0,0.0,0.023997546357357756,0.07775939686498728,0.12986305297340298,0.17893129143568182,0.23397650297395298,0.28330837055234326,0.37637724247908255,0.4905066072312409,0.6050870383651786,0.0,0.01904518857604383,0.039186588862582944,0.046977240300983054,0.05139457772517245,0.05687804007044924,0.06505840876743889,0.07319924571800072,0.076437460390295,0.07299152391625136,0.006241553629010829,0.03165590870810393,0.09316739901908258,0.1436903157793415,0.19317206465004094,0.25346374727137766,0.3059933102007133,0.4130220578110578,0.5229064871479072,0.6361912423149424,0.009716919899287618,0.021557980012661692,0.042461679204488414,0.04763328391733472,0.05274415079432724,0.0589427051975933,0.06767847966848126,0.07606833142104913,0.07721296632722285,0.07152968133643915,0.016339184006611576,0.06235139471089198,0.11603579016746447,0.1646905182213227,0.2144892586765283,0.2606234309039732,0.33973242714710733,0.4581067273145745,0.5739828344154149,0.6824425408764628,0.016532397139425965,0.03591149852067747,0.04632119668463139,0.050045004656017654,0.05481337494330518,0.062438337866396514,0.07033016001495232,0.07566195445336715,0.07445336649606356,0.06548683230831336,0.023997546357357756,0.07775939686498728,0.12986305297340298,0.17893129143568182,0.23397650297395298,0.28330837055234326,0.37637724247908255,0.4905066072312409,0.6050870383651786,1.0,0.01904518857604383,0.039186588862582944,0.046977240300983054,0.05139457772517245,0.05687804007044924,0.06505840876743889,0.07319924571800072,0.076437460390295,0.07299152391625136,0.0,0.3427,0.00812,42.20443349753695
0.0,0.02706535465904342,0.08484994624101287,0.14332631210685914,0.20078499846833725,0.25426024619888354,0.27957696184071046,0.3591851186106212,0.46557463076555244,0.5722448022302076,0.0,0.031394224056771065,0.062074626876343526,0.08073282461656799,0.09199547445922024,0.09843635086466813,0.10545044244843652,0.10783134259897197,0.10437623212871647,0.09528143053608039,0.006145924270764087,0.03526628083723503,0.10019759077863614,0.15863334506996912,0.21557075303591633,0.26723500219744517,0.29847048033924767,0.3910191181032451,0.49248520282390434,0.5998496791101919,0.014828297288465374,0.03630481513865785,0.06831382761560714,0.08396632627822868,0.09428386178408782,0.09962762179230779,0.10609379523164464,0.10831543074129701,0.10293924607587616,0.09222762850799343,0.018864428480851816,0.0695023017033896,0.12801927914374917,0.18599924390075817,0.24128549020032192,0.26068344334217325,0.3273511191179973,0.43866405870720054,0.5446399253502232,0.64996278206089,0.026483632974884277,0.05583542613707992,0.07749932295490729,0.08970708713435266,0.09724507993702848,0.10480708966522839,0.10734725445664692,0.10581321818155677,0.09833523256416735,0.08387174264826433,0.02706535465904342,0.08484994624101287,0.14332631210685914,0.20078499846833725,0.25426024619888354,0.27957696184071046,0.3591851186106212,0.46557463076555244,0.5722448022302076,1.0,0.031394224056771065,0.062074626876343526,0.08073282461656799,0.09199547445922024,0.09843635086466813,0.10545044244843652,0.10783134259897197,0.10437623212871647,0.09528143053608039,0.0,0.0,0.02706535465904342,0.08484994624101287,0.14332631210685914,0.20078499846833725,0.25426024619888354,0.27957696184071046,0.3591851186106212,0.46557463076555244,0.5722448022302076,0.0,0.031394224056771065,0.062074626876343526,0.08073282461656799,0.09199547445922024,0.09843635086466813,0.10545044244843652,0.10783134259897197,0.10437623212871647,0.09528143053608039,0.006145924270764087,0.03526628083723503,0.10019759077863614,0.15863334506996912,0.21557075303591633,0.26723500219744517,0.29847048033924767,0.3910191181032451,0.49248520282390434,0.5998496791101919,0.014828297288465374,0.03630481513865785,0.06831382761560714,0.08396632627822868,0.09428386178408782,0.09962762179230779,0.10609379523164464,0.10831543074129701,0.10293924607587616,0.09222762850799343,0.018864428480851816,0.0695023017033896,0.12801927914374917,0.18599924390075817,0.24128549020032192,0.26068344334217325,0.3273511191179973,0.43866405870720054,0.5446399253502232,0.64996278206089,0.026483632974884277,0.05583542613707992,0.07749932295490729,0.08970708713435266,0.09724507993702848,0.10480708966522839,0.10734725445664692,0.10581321818155677,0.09833523256416735,0.08387174264826433,0.02706535465904342,0.08484994624101287,0.14332631210685914,0.20078499846833725,0.25426024619888354,0.27957696184071046,0.3591851186106212,0.46557463076555244,0.5722448022302076,1.0,0.031394224056771065,0.062074626876343526,0.08073282461656799,0.09199547445922024,0.09843635086466813,0.10545044244843652,0.10783134259897197,0.10437623212871647,0.09528143053608039,0.0,0.5128,0.008,64.10000000000001
0.0,0.02605648492559395,0.07742874886940543,0.13359132368405952,0.19575227822569544,0.2577422104312367,0.28763100222217575,0.381971116025519,0.5044633621714179,0.6203509547250297,0.0,0.035535876837327056,0.07081528703873921,0.09651645167585778,0.11376135279031571,0.12242773628278657,0.12928106768615774,0.12709842618818695,0.1163027151129456,0.09963204811613503,0.0058861480661158766,0.032274974904449805,0.0910887724818698,0.14934227822388946,0.21321519423301227,0.27464257954087734,0.3145115657613446,0.41950172248848716,0.5374023819450571,0.6498508367498365,0.017545465926262188,0.04078108185390156,0.07926082735378298,0.1020763191758342,0.11765272622419992,0.12392222647254016,0.12887332409929764,0.12576174395105968,0.11228173787595794,0.09459298540585541,0.019837994946738092,0.06376872525694105,0.11784036914422959,0.1782893622183786,0.24084184132159603,0.2607504386830069,0.3444405095625508,0.47152434239777863,0.5908510727002229,0.6976847968069495,0.030290671820752558,0.06236974672369545,0.09095658417588136,0.1098699793564315,0.12093324609303298,0.12968881127301785,0.12843510842531422,0.12032369234993326,0.10467111082641466,0.08401633094392076,0.02605648492559395,0.07742874886940543,0.13359132368405952,0.19575227822569544,0.2577422104312367,0.28763100222217575,0.381971116025519,0.5044633621714179,0.6203509547250297,1.0,0.035535876837327056,0.07081528703873921,0.09651645167585778,0.11376135279031571,0.12242773628278657,0.12928106768615774,0.12709842618818695,0.1163027151129456,0.09963204811613503,0.0,0.0,0.02605648492559395,0.07742874886940543,0.13359132368405952,0.19575227822569544,0.2577422104312367,0.28763100222217575,0.381971116025519,0.5044633621714179,0.6203509547250297,0.0,0.035535876837327056,0.07081528703873921,0.09651645167585778,0.11376135279031571,0.12242773628278657,0.12928106768615774,0.12709842618818695,0.1163027151129456,0.09963204811613503,0.0058861480661158766,0.032274974904449805,0.0910887724818698,0.14934227822388946,0.21321519423301227,0.27464257954087734,0.3145115657613446,0.41950172248848716,0.5374023819450571,0.6498508367498365,0.017545465926262188,0.04078108185390156,0.07926082735378298,0.1020763191758342,0.11765272622419992,0.12392222647254016,0.12887332409929764,0.12576174395105968,0.11228173787595794,0.09459298540585541,0.019837994946738092,0.06376872525694105,0.11784036914422959,0.1782893622183786,0.24084184132159603,0.2607504386830069,0.3444405095625508,0.47152434239777863,0.5908510727002229,0.6976847968069495,0.030290671820752558,0.06236974672369545,0.09095658417588136,0.1098699793564315,0.12093324609303298,0.12968881127301785,0.12843510842531422,0.12032369234993326,0.10467111082641466,0.08401633094392076,0.02605648492559395,0.07742874886940543,0.13359132368405952,0.19575227822569544,0.2577422104312367,0.28763100222217575,0.381971116025519,0.5044633621714179,0.6203509547250297,1.0,0.035535876837327056,0.07081528703873921,0.09651645167585778,0.11376135279031571,0.12242773628278657,0.12928106768615774,0.12709842618818695,0.1163027151129456,0.09963204811613503,0.0,0.6814,0.00884,77.0814479638009
0.0,0.027059649986289375,0.08584724966242618,0.14653481419234987,0.20767541725091512,0.2663966644418952,0.2906329244850846,0.3803965711158732,0.4966931009400405,0.6111661494332964,0.0,0.03053608197152824,0.06110631217322489,0.0797585406142843,0.09118751862974077,0.09761223473284542,0.10535209554982382,0.10674662359629049,0.10118875963521021,0.08963891313584271,0.006029801783331959,0.03550720009707759,0.10216198025428867,0.16316370664147326,0.2245583961727455,0.28253367885746467,0.315585638177265,0.41658353487120536,0.5278585410474286,0.6415031357827029,0.014740341109499623,0.03529698887419389,0.06761650653236048,0.0831308988844802,0.09373500419489834,0.09893675931904886,0.10577934969407886,0.10685576278517701,0.0990169130192913,0.08593029748320222,0.018612099875501158,0.0695325190705637,0.1299059217432265,0.19079243832908474,0.2502596500263257,0.2656802107929042,0.34420960736054107,0.4655276608326524,0.5808291630838899,0.6895257660101403,0.025775175068862587,0.05459611781408929,0.07638618234408841,0.08864003306458319,0.09628771014664197,0.10492484140556878,0.10663748440740396,0.10336060625112911,0.09334752878848321,0.07708223180197754,0.027059649986289375,0.08584724966242618,0.14653481419234987,0.20767541725091512,0.2663966644418952,0.2906329244850846,0.3803965711158732,0.4966931009400405,0.6111661494332964,1.0,0.03053608197152824,0.06110631217322489,0.0797585406142843,0.09118751862974077,0.09761223473284542,0.10535209554982382,0.10674662359629049,0.10118875963521021,0.08963891313584271,0.0,0.0,0.027059649986289375,0.08584724966242618,0.14653481419234987,0.20767541725091512,0.2663966644418952,0.2906329244850846,0.3803965711158732,0.4966931009400405,0.6111661494332964,0.0,0.03053608197152824,0.06110631217322489,0.0797585406142843,0.09118751862974077,0.09761223473284542,0.10535209554982382,0.10674662359629049,0.10118875963521021,0.08963891313584271,0.006029801783331959,0.03550720009707759,0.10216198025428867,0.16316370664147326,0.2245583961727455,0.28253367885746467,0.315585638177265,0.41658353487120536,0.5278585410474286,0.6415031357827029,0.014740341109499623,0.03529698887419389,0.06761650653236048,0.0831308988844802,0.09373500419489834,0.09893675931904886,0.10577934969407886,0.10685576278517701,0.0990169130192913,0.08593029748320222,0.018612099875501158,0.0695325190705637,0.1299059217432265,0.19079243832908474,0.2502596500263257,0.2656802107929042,0.34420960736054107,0.4655276608326524,0.5808291630838899,0.6895257660101403,0.025775175068862587,0.05459611781408929,0.07638618234408841,0.08864003306458319,0.09628771014664197,0.10492484140556878,0.10663748440740396,0.10336060625112911,0.09334752878848321,0.07708223180197754,0.027059649986289375,0.08584724966242618,0.14653481419234987,0.20767541725091512,0.2663966644418952,0.2906329244850846,0.3803965711158732,0.4966931009400405,0.6111661494332964,1.0,0.03053608197152824,0.06110631217322489,0.0797585406142843,0.09118751862974077,0.09761223473284542,0.10535209554982382,0.10674662359629049,0.10118875963521021,0.08963891313584271,0.0,0.5925,0.00819,72.34432234432235
0.0,0.024999997241032818,0.07499999517303343,0.12499999550932528,0.17499999498089094,0.22499999527736433,0.2749999960078658,0.3499999995039708,0.44999999983184696,0.549999999039556,0.0,0.02999999659243376,0.05899999517274593,0.07699999564930726,0.08829999536750098,0.09549999527831098,0.10049999517683089,0.10449999531460422,0.10364999506350116,0.09724999486650993,0.006250005133917589,0.031249989346403332,0.08749999128284211,0.13749999133695973,0.18749999021589148,0.23749999195082763,0.28749998851517156,0.37916666666544335,0.47500000018943594,0.5749999986166651,0.01437500309778611,0.034374990086987904,0.0647499912598114,0.08024999195861487,0.09062499146631013,0.0970083248200161,0.10195832407087727,0.10570832488382206,0.103083324336739,0.09498332391512414,0.018750005135662304,0.062499999063224766,0.11249999968169083,0.1624999997458904,0.21249999860390104,0.26250000350056,0.3208333323424983,0.424999999474258,0.5249999994624469,0.6249999995835167,0.025625003097879614,0.053249999085680455,0.07374999933999965,0.08597499926869183,0.09399166573660585,0.09904166628278452,0.10329166574538637,0.10421666579026331,0.09951666581789571,0.08729166584010344,0.024999997241032818,0.07499999517303343,0.12499999550932528,0.17499999498089094,0.22499999527736433,0.2749999960078658,0.3499999995039708,0.44999999983184696,0.549999999039556,1.0,0.02999999659243376,0.05899999517274593,0.07699999564930726,0.08829999536750098,0.09549999527831098,0.10049999517683089,0.10449999531460422,0.10364999506350116,0.09724999486650993,0.0,0.0,0.024999997241032818,0.07499999517303343,0.12499999550932528,0.17499999498089094,0.22499999527736433,0.2749999960078658,0.3499999995039708,0.44999999983184696,0.549999999039556,0.0,0.02999999659243376,0.05899999517274593,0.07699999564930726,0.08829999536750098,0.09549999527831098,0.10049999517683089,0.10449999531460422,0.10364999506350116,0.09724999486650993,0.006250005133917589,0.031249989346403332,0.08749999128284211,0.13749999133695973,0.18749999021589148,0.23749999195082763,0.28749998851517156,0.37916666666544335,0.47500000018943594,0.5749999986166651,0.01437500309778611,0.034374990086987904,0.0647499912598114,0.08024999195861487,0.09062499146631013,0.0970083248200161,0.10195832407087727,0.10570832488382206,0.103083324336739,0.09498332391512414,0.018750005135662304,0.062499999063224766,0.11249999968169083,0.1624999997458904,0.21249999860390104,0.26250000350056,0.3208333323424983,0.424999999474258,0.5249999994624469,0.6249999995835167,0.025625003097879614,0.053249999085680455,0.07374999933999965,0.08597499926869183,0.09399166573660585,0.09904166628278452,0.10329166574538637,0.10421666579026331,0.09951666581789571,0.08729166584010344,0.024999997241032818,0.07499999517303343,0.12499999550932528,0.17499999498089094,0.22499999527736433,0.2749999960078658,0.3499999995039708,0.44999999983184696,0.549999999039556,1.0,0.02999999659243376,0.05899999517274593,0.07699999564930726,0.08829999536750098,0.09549999527831098,0.10049999517683089,0.10449999531460422,0.10364999506350116,0.09724999486650993,0.0,,,
0.0,0.020832401956440514,0.05643132514485992,0.09247263849775543,0.13241813815291692,0.18311186048551475,0.26627453376660054,0.3483447486469509,0.45158276085889987,0.5508625615799339,0.0,0.02606637514010317,0.05180551775294668,0.06911896995753979,0.08156469961798768,0.09079170886738473,0.09448166562519285,0.10004439841198962,0.10086873458239634,0.09590361129354266,0.006307187268570004,0.02343307718120852,0.06456027651464646,0.10118799931690484,0.1430742340481149,0.19949965435483955,0.2778604048143272,0.3788317243283575,0.47916331348701807,0.5748565846356098,0.013372170815490626,0.029156062162352187,0.05712138107173185,0.0727676685754994,0.08450315020317338,0.09316430855530454,0.09689477911442888,0.1019630839973305,0.1007782791997186,0.09414818821820994,0.018231726731672507,0.04830237377507338,0.08375727767860602,0.12176204225771894,0.16672406661618996,0.25468866271887386,0.31785777296554435,0.42400220823078166,0.5268685385242579,0.6225679436464826,0.022976688117854156,0.04648965443416151,0.06547027133958017,0.07862624903280198,0.08841910917946492,0.09206855213595681,0.09812571282664873,0.10095918996507408,0.09765903436887538,0.08698999823957816,0.020832401956440514,0.05643132514485992,0.09247263849775543,0.13241813815291692,0.18311186048551475,0.26627453376660054,0.3483447486469509,0.45158276085889987,0.5508625615799339,1.0,0.02606637514010317,0.05180551775294668,0.06911896995753979,0.08156469961798768,0.09079170886738473,0.09448166562519285,0.10004439841198962,0.10086873458239634,0.09590361129354266,0.0,0.0,0.020832401956440514,0.05643132514485992,0.09247263849775543,0.13241813815291692,0.18311186048551475,0.26627453376660054,0.3483447486469509,0.45158276085889987,0.5508625615799339,0.0,0.02606637514010317,0.05180551775294668,0.06911896995753979,0.08156469961798768,0.09079170886738473,0.09448166562519285,0.10004439841198962,0.10086873458239634,0.09590361129354266,0.006307187268570004,0.02343307718120852,0.06456027651464646,0.10118799931690484,0.1430742340481149,0.19949965435483955,0.2778604048143272,0.3788317243283575,0.47916331348701807,0.5748565846356098,0.013372170815490626,0.029156062162352187,0.05712138107173185,0.0727676685754994,0.08450315020317338,0.09316430855530454,0.09689477911442888,0.1019630839973305,0.1007782791997186,0.09414818821820994,0.018231726731672507,0.04830237377507338,0.08375727767860602,0.12176204225771894,0.16672406661618996,0.25468866271887386,0.31785777296554435,0.42400220823078166,0.5268685385242579,0.6225679436464826,0.022976688117854156,0.04648965443416151,0.06547027133958017,0.07862624903280198,0.08841910917946492,0.09206855213595681,0.09812571282664873,0.10095918996507408,0.09765903436887538,0.08698999823957816,0.020832401956440514,0.05643132514485992,0.09247263849775543,0.13241813815291692,0.18311186048551475,0.26627453376660054,0.3483447486469509,0.45158276085889987,0.5508625615799339,1.0,0.02606637514010317,0.05180551775294668,0.06911896995753979,0.08156469961798768,0.09079170886738473,0.09448166562519285,0.10004439841198962,0.10086873458239634,0.09590361129354266,0.0,0.227,0.0075,30.26666666666667
0.0,0.023186129982746547,0.06857236496181446,0.11163980210586352,0.15309720034974475,0.19788493939640212,0.27569684216831897,0.34539362232987464,0.43799666880806315,0.5327007543010567,0.0,0.025188998120616774,0.04915534495470846,0.06195303972589772,0.06965824622620148,0.07631438860711352,0.0795838703104183,0.08751975126987172,0.09225152212160015,0.09112683273532542,0.006381779421172756,0.028493287412000447,0.07945131729813631,0.12156894295350514,0.1630869375034111,0.2098722614417666,0.2806525724412759,0.3719583017847606,0.4610866046356987,0.5560211241604979,0.012237621234022184,0.028460916034801404,0.05316499096284934,0.0638672870408971,0.07126490008594519,0.07814628062906076,0.0825600279149127,0.09038284897731609,0.09357278747276843,0.0903262285248622,0.017878972553492647,0.057693412625492595,0.10171066125822191,0.1431074631960784,0.18589761735103763,0.27074111189536204,0.3188289428749887,0.4149067329804276,0.5093803844416155,0.6058890463899727,0.021917080206432144,0.045145698946567586,0.06003879241089834,0.06805159236645777,0.07448249658516629,0.07660771270592391,0.08465665356242734,0.09093025677043187,0.09192743694578863,0.08416215728078738,0.023186129982746547,0.06857236496181446,0.11163980210586352,0.15309720034974475,0.19788493939640212,0.27569684216831897,0.34539362232987464,0.43799666880806315,0.5327007543010567,1.0,0.025188998120616774,0.04915534495470846,0.06195303972589772,0.06965824622620148,0.07631438860711352,0.0795838703104183,0.08751975126987172,0.09225152212160015,0.09112683273532542,0.0,0.0,0.023186129982746547,0.06857236496181446,0.11163980210586352,0.15309720034974475,0.19788493939640212,0.27569684216831897,0.34539362232987464,0.43799666880806315,0.5327007543010567,0.0,0.025188998120616774,0.04915534495470846,0.06195303972589772,0.06965824622620148,0.07631438860711352,0.0795838703104183,0.08751975126987172,0.09225152212160015,0.09112683273532542,0.006381779421172756,0.028493287412000447,0.07945131729813631,0.12156894295350514,0.1630869375034111,0.2098722614417666,0.2806525724412759,0.3719583017847606,0.4610866046356987,0.5560211241604979,0.012237621234022184,0.028460916034801404,0.05316499096284934,0.0638672870408971,0.07126490008594519,0.07814628062906076,0.0825600279149127,0.09038284897731609,0.09357278747276843,0.0903262285248622,0.017878972553492647,0.057693412625492595,0.10171066125822191,0.1431074631960784,0.18589761735103763,0.27074111189536204,0.3188289428749887,0.4149067329804276,0.5093803844416155,0.6058890463899727,0.021917080206432144,0.045145698946567586,0.06003879241089834,0.06805159236645777,0.07448249658516629,0.07660771270592391,0.08465665356242734,0.09093025677043187,0.09192743694578863,0.08416215728078738,0.023186129982746547,0.06857236496181446,0.11163980210586352,0.15309720034974475,0.19788493939640212,0.27569684216831897,0.34539362232987464,0.43799666880806315,0.5327007543010567,1.0,0.025188998120616774,0.04915534495470846,0.06195303972589772,0.06965824622620148,0.07631438860711352,0.0795838703104183,0.08751975126987172,0.09225152212160015,0.09112683273532542,0.0,0.2356,0.00789,29.860583016476554
0.0,0.02261807899401492,0.068890917294709,0.1110382672368413,0.14985433788585203,0.19273108682816859,0.3102510680089231,0.3747103305178673,0.4591743566276705,0.5483356558908179,0.0,0.02085357054517302,0.040569720527726935,0.04757119668761406,0.0502837030408013,0.054991971137224205,0.05445005694501694,0.06554670421016814,0.07524745205000481,0.0789079594005465,0.006479168326265833,0.028440272314165054,0.08024763111836328,0.12056883820745105,0.15955439690541862,0.20476145945161553,0.306281863324256,0.39960038458492075,0.48092406631612694,0.5709792800626378,0.01014446375130619,0.023548529984497357,0.042964120079540084,0.04794644332291141,0.05087417924331038,0.05686851301212634,0.05901022901106841,0.06994909468995093,0.07836823622767627,0.07941991189792882,0.016795885673864783,0.05753420347105473,0.10150769626623156,0.14015427886628545,0.18070071420472164,0.3142202726935902,0.3498202764508138,0.437424646939214,0.525692031718998,0.6178911797423697,0.018158611105848682,0.038175320975913786,0.04719595005231671,0.04969322683829222,0.05311542926232207,0.04988988487896548,0.061144313730385355,0.07212666787233335,0.07839600690316417,0.07476800041414092,0.02261807899401492,0.068890917294709,0.1110382672368413,0.14985433788585203,0.19273108682816859,0.3102510680089231,0.3747103305178673,0.4591743566276705,0.5483356558908179,1.0,0.02085357054517302,0.040569720527726935,0.04757119668761406,0.0502837030408013,0.054991971137224205,0.05445005694501694,0.06554670421016814,0.07524745205000481,0.0789079594005465,0.0,0.0,0.02261807899401492,0.068890917294709,0.1110382672368413,0.14985433788585203,0.19273108682816859,0.3102510680089231,0.3747103305178673,0.4591743566276705,0.5483356558908179,0.0,0.02085357054517302,0.040569720527726935,0.04757119668761406,0.0502837030408013,0.054991971137224205,0.05445005694501694,0.06554670421016814,0.07524745205000481,0.0789079594005465,0.006479168326265833,0.028440272314165054,0.08024763111836328,0.12056883820745105,0.15955439690541862,0.20476145945161553,0.306281863324256,0.39960038458492075,0.48092406631612694,0.5709792800626378,0.01014446375130619,0.023548529984497357,0.042964120079540084,0.04794644332291141,0.05087417924331038,0.05686851301212634,0.05901022901106841,0.06994909468995093,0.07836823622767627,0.07941991189792882,0.016795885673864783,0.05753420347105473,0.10150769626623156,0.14015427886628545,0.18070071420472164,0.3142202726935902,0.3498202764508138,0.437424646939214,0.525692031718998,0.6178911797423697,0.018158611105848682,0.038175320975913786,0.04719595005231671,0.04969322683829222,0.05311542926232207,0.04988988487896548,0.061144313730385355,0.07212666787233335,0.07839600690316417,0.07476800041414092,0.02261807899401492,0.068890917294709,0.1110382672368413,0.14985433788585203,0.19273108682816859,0.3102510680089231,0.3747103305178673,0.4591743566276705,0.5483356558908179,1.0,0.02085357054517302,0.040569720527726935,0.04757119668761406,0.0502837030408013,0.054991971137224205,0.05445005694501694,0.06554670421016814,0.07524745205000481,0.0789079594005465,0.0,0.1217,0.00851,14.300822561692128
0.0,0.024999997241032818,0.07499999517303343,0.12499999550932528,0.17499999498089094,0.22499999527736433,0.2749999960078658,0.3499999995039708,0.44999999983184696,0.549999999039556,0.0,0.02999999659243376,0.05899999517274593,0.07699999564930726,0.08829999536750098,0.09549999527831098,0.10049999517683089,0.10449999531460422,0.10364999506350116,0.09724999486650993,0.006250005133917589,0.031249989346403332,0.08749999128284211,0.13749999133695973,0.18749999021589148,0.23749999195082763,0.28749998851517156,0.37916666666544335,0.47500000018943594,0.5749999986166651,0.01437500309778611,0.034374990086987904,0.0647499912598114,0.08024999195861487,0.09062499146631013,0.0970083248200161,0.10195832407087727,0.10570832488382206,0.103083324336739,0.09498332391512414,0.018750005135662304,0.062499999063224766,0.11249999968169083,0.1624999997458904,0.21249999860390104,0.26250000350056,0.3208333323424983,0.424999999474258,0.5249999994624469,0.6249999995835167,0.025625003097879614,0.053249999085680455,0.07374999933999965,0.08597499926869183,0.09399166573660585,0.09904166628278452,0.10329166574538637,0.10421666579026331,0.09951666581789571,0.08729166584010344,0.024999997241032818,0.07499999517303343,0.12499999550932528,0.17499999498089094,0.22499999527736433,0.2749999960078658,0.3499999995039708,0.44999999983184696,0.549999999039556,1.0,0.02999999659243376,0.05899999517274593,0.07699999564930726,0.08829999536750098,0.09549999527831098,0.10049999517683089,0.10449999531460422,0.10364999506350116,0.09724999486650993,0.0,0.0,0.024999997241032818,0.07499999517303343,0.12499999550932528,0.17499999498089094,0.22499999527736433,0.2749999960078658,0.3499999995039708,0.44999999983184696,0.549999999039556,0.0,0.02999999659243376,0.05899999517274593,0.07699999564930726,0.08829999536750098,0.09549999527831098,0.10049999517683089,0.10449999531460422,0.10364999506350116,0.09724999486650993,0.006250005133917589,0.031249989346403332,0.08749999128284211,0.13749999133695973,0.18749999021589148,0.23749999195082763,0.28749998851517156,0.37916666666544335,0.47500000018943594,0.5749999986166651,0.01437500309778611,0.034374990086987904,0.0647499912598114,0.08024999195861487,0.09062499146631013,0.0970083248200161,0.10195832407087727,0.10570832488382206,0.103083324336739,0.09498332391512414,0.018750005135662304,0.062499999063224766,0.11249999968169083,0.1624999997458904,0.21249999860390104,0.26250000350056,0.3208333323424983,0.424999999474258,0.5249999994624469,0.6249999995835167,0.025625003097879614,0.053249999085680455,0.07374999933999965,0.08597499926869183,0.09399166573660585,0.09904166628278452,0.10329166574538637,0.10421666579026331,0.09951666581789571,0.08729166584010344,0.024999997241032818,0.07499999517303343,0.12499999550932528,0.17499999498089094,0.22499999527736433,0.2749999960078658,0.3499999995039708,0.44999999983184696,0.549999999039556,1.0,0.02999999659243376,0.05899999517274593,0.07699999564930726,0.08829999536750098,0.09549999527831098,0.10049999517683089,0.10449999531460422,0.10364999506350116,0.09724999486650993,0.0,,,
0.0,0.02745676888260974,0.08629358683033637,0.1448745214811092,0.20058866009090692,0.2502111210183057,0.29678966627722503,0.35600378115270925,0.4363731656700743,0.5199841442791625,0.0,0.03348860854506335,0.06622408423437466,0.08580491259969356,0.09672603595197912,0.1024510755432686,0.10454012584547182,0.10724087824823102,0.10743990762788858,0.10390246546707917,0.00652916956273065,0.036004724120698425,0.1013189202219027,0.1597580990593293,0.2136571536915265,0.25955690696260025,0.30201157267350465,0.3793646522857605,0.45460813113748577,0.5419015851236834,0.014871293453915566,0.03978331104265109,0.07254743780006997,0.08923664742301585,0.09850064101684766,0.10314774382156916,0.10544832955231127,0.10821606935636181,0.1075374470803185,0.10234208632087652,0.018908813644521058,0.07126825343877005,0.12999094390288907,0.18752016649028735,0.2408653350740112,0.2915677598809454,0.332642910019658,0.4181382002026628,0.49806670343464166,0.5900204829131985,0.027193906047475614,0.05990073066867935,0.08237317777637126,0.09495143088711058,0.10175440726496804,0.10363192213863236,0.10626568714010022,0.10734236817545866,0.10546284461328181,0.09556005100124411,0.02745676888260974,0.08629358683033637,0.1448745214811092,0.20058866009090692,0.2502111210183057,0.29678966627722503,0.35600378115270925,0.4363731656700743,0.5199841442791625,1.0,0.03348860854506335,0.06622408423437466,0.08580491259969356,0.09672603595197912,0.1024510755432686,0.10454012584547182,0.10724087824823102,0.10743990762788858,0.10390246546707917,0.0,0.0,0.02745676888260974,0.08629358683033637,0.1448745214811092,0.20058866009090692,0.2502111210183057,0.29678966627722503,0.35600378115270925,0.4363731656700743,0.5199841442791625,0.0,0.03348860854506335,0.06622408423437466,0.08580491259969356,0.09672603595197912,0.1024510755432686,0.10454012584547182,0.10724087824823102,0.10743990762788858,0.10390246546707917,0.00652916956273065,0.036004724120698425,0.1013189202219027,0.1597580990593293,0.2136571536915265,0.25955690696260025,0.30201157267350465,0.3793646522857605,0.45460813113748577,0.5419015851236834,0.014871293453915566,0.03978331104265109,0.07254743780006997,0.08923664742301585,0.09850064101684766,0.10314774382156916,0.10544832955231127,0.10821606935636181,0.1075374470803185,0.10234208632087652,0.018908813644521058,0.07126825343877005,0.12999094390288907,0.18752016649028735,0.2408653350740112,0.2915677598809454,0.332642910019658,0.4181382002026628,0.49806670343464166,0.5900204829131985,0.027193906047475614,0.05990073066867935,0.08237317777637126,0.09495143088711058,0.10175440726496804,0.10363192213863236,0.10626568714010022,0.10734236817545866,0.10546284461328181,0.09556005100124411,0.02745676888260974,0.08629358683033637,0.1448745214811092,0.20058866009090692,0.2502111210183057,0.29678966627722503,0.35600378115270925,0.4363731656700743,0.5199841442791625,1.0,0.03348860854506335,0.06622408423437466,0.08580491259969356,0.09672603595197912,0.1024510755432686,0.10454012584547182,0.10724087824823102,0.10743990762788858,0.10390246546707917,0.0,0.2745,0.00704,38.99147727272727
0.0,0.027656776623579227,0.08860805572496945,0.15060966172612922,0.211112897943791,0.2666960015277573,0.322212306971371,0.3880733348015819,0.472802217929055,0.5590421537193072,0.0,0.0329757601627277,0.06618848572356603,0.08584646655665232,0.09659348907273664,0.10186446358306926,0.10288580106937271,0.10439867369036968,0.10307694120619382,0.09816254532688465,0.006495774596865506,0.03677002392033661,0.10498452893902246,0.16727966067350275,0.22661962210121475,0.27909685145862173,0.3304266460524349,0.41448549962061887,0.4938868272449211,0.5827843285949132,0.014733913036121165,0.03954936732880794,0.07286557368859745,0.08946930178021655,0.0984888592884919,0.10255456579776469,0.10366948817549003,0.10507453536969634,0.10274075284484654,0.09623869694846518,0.018543529326821847,0.07223158251091644,0.13393966277875569,0.19560617378636727,0.25429515159689287,0.3139979678903071,0.36166116998254494,0.45171760861318894,0.5352999788437012,0.627077911336473,0.02640215299664746,0.059511397758534625,0.08222363133308809,0.09469811885698139,0.10117436136837384,0.1021021139632554,0.10372281201104301,0.10341312956754109,0.10008639370530412,0.0893455845712644,0.027656776623579227,0.08860805572496945,0.15060966172612922,0.211112897943791,0.2666960015277573,0.322212306971371,0.3880733348015819,0.472802217929055,0.5590421537193072,1.0,0.0329757601627277,0.06618848572356603,0.08584646655665232,0.09659348907273664,0.10186446358306926,0.10288580106937271,0.10439867369036968,0.10307694120619382,0.09816254532688465,0.0,0.0,0.027656776623579227,0.08860805572496945,0.15060966172612922,0.211112897943791,0.2666960015277573,0.322212306971371,0.3880733348015819,0.472802217929055,0.5590421537193072,0.0,0.0329757601627277,0.06618848572356603,0.08584646655665232,0.09659348907273664,0.10186446358306926,0.10288580106937271,0.10439867369036968,0.10307694120619382,0.09816254532688465,0.006495774596865506,0.03677002392033661,0.10498452893902246,0.16727966067350275,0.22661962210121475,0.27909685145862173,0.3304266460524349,0.41448549962061887,0.4938868272449211,0.5827843285949132,0.014733913036121165,0.03954936732880794,0.07286557368859745,0.08946930178021655,0.0984888592884919,0.10255456579776469,0.10366948817549003,0.10507453536969634,0.10274075284484654,0.09623869694846518,0.018543529326821847,0.07223158251091644,0.13393966277875569,0.19560617378636727,0.25429515159689287,0.3139979678903071,0.36166116998254494,0.45171760861318894,0.5352999788437012,0.627077911336473,0.02640215299664746,0.059511397758534625,0.08222363133308809,0.09469811885698139,0.10117436136837384,0.1021021139632554,0.10372281201104301,0.10341312956754109,0.10008639370530412,0.0893455845712644,0.027656776623579227,0.08860805572496945,0.15060966172612922,0.211112897943791,0.2666960015277573,0.322212306971371,0.3880733348015819,0.472802217929055,0.5590421537193072,1.0,0.0329757601627277,0.06618848572356603,0.08584646655665232,0.09659348907273664,0.10186446358306926,0.10288580106937271,0.10439867369036968,0.10307694120619382,0.09816254532688465,0.0,0.2901,0.00671,43.23397913561848
0.0,0.026516367980603125,0.07639500297745674,0.13076531868207156,0.1895669368457414,0.2457784015457541,0.2697462024054544,0.3373386144216147,0.4269093829048733,0.5121385305143883,0.0,0.04170852242982223,0.08297986621297698,0.11478096865035232,0.13601205138453054,0.1457743917972943,0.14927139867840755,0.14550608022397488,0.1367557478327205,0.12515507471909726,0.0064211605703719254,0.03223016732804826,0.08830089720898725,0.14522364045039798,0.20360577173044989,0.2570133437333479,0.28385879403000625,0.3629075090224383,0.44745101207068216,0.5331123187721685,0.019124024553306633,0.049269028705731424,0.09273356894832376,0.12191236228908783,0.14004390148832518,0.14661381222817987,0.1479697154713,0.14378097075185514,0.13373610275530748,0.12146657997325536,0.020802568633157995,0.06448910874592624,0.11630699691374513,0.17552810196103294,0.2345434593581603,0.2556336107809025,0.31176971982079116,0.4063677537390644,0.49116474225660817,0.5814863447562237,0.03414801615391304,0.07322616347763021,0.10764957501161682,0.1319802012807359,0.1449349713664087,0.1505730818855151,0.1472311896960946,0.1397753929101335,0.12884356946493916,0.11217409999927697,0.026516367980603125,0.07639500297745674,0.13076531868207156,0.1895669368457414,0.2457784015457541,0.2697462024054544,0.3373386144216147,0.4269093829048733,0.5121385305143883,1.0,0.04170852242982223,0.08297986621297698,0.11478096865035232,0.13601205138453054,0.1457743917972943,0.14927139867840755,0.14550608022397488,0.1367557478327205,0.12515507471909726,0.0,0.0,0.026516367980603125,0.07639500297745674,0.13076531868207156,0.1895669368457414,0.2457784015457541,0.2697462024054544,0.3373386144216147,0.4269093829048733,0.5121385305143883,0.0,0.04170852242982223,0.08297986621297698,0.11478096865035232,0.13601205138453054,0.1457743917972943,0.14927139867840755,0.14550608022397488,0.1367557478327205,0.12515507471909726,0.0064211605703719254,0.03223016732804826,0.08830089720898725,0.14522364045039798,0.20360577173044989,0.2570133437333479,0.28385879403000625,0.3629075090224383,0.44745101207068216,0.5331123187721685,0.019124024553306633,0.049269028705731424,0.09273356894832376,0.12191236228908783,0.14004390148832518,0.14661381222817987,0.1479697154713,0.14378097075185514,0.13373610275530748,0.12146657997325536,0.020802568633157995,0.06448910874592624,0.11630699691374513,0.17552810196103294,0.2345434593581603,0.2556336107809025,0.31176971982079116,0.4063677537390644,0.49116474225660817,0.5814863447562237,0.03414801615391304,0.07322616347763021,0.10764957501161682,0.1319802012807359,0.1449349713664087,0.1505730818855151,0.1472311896960946,0.1397753929101335,0.12884356946493916,0.11217409999927697,0.026516367980603125,0.07639500297745674,0.13076531868207156,0.1895669368457414,0.2457784015457541,0.2697462024054544,0.3373386144216147,0.4269093829048733,0.5121385305143883,1.0,0.04170852242982223,0.08297986621297698,0.11478096865035232,0.13601205138453054,0.1457743917972943,0.14927139867840755,0.14550608022397488,0.1367557478327205,0.12515507471909726,0.0,0.3858,0.00862,44.756380510440835
0.0,0.024676950540467386,0.06973134924584003,0.11845430677750542,0.17113456209137456,0.22651509568751274,0.2615126706112571,0.3278356860808069,0.41122590510935014,0.49011514208860124,0.0,0.03820074507528609,0.07679630703298684,0.10640882915239454,0.1267025869452315,0.1369449031448207,0.13988712752616297,0.13800975362441575,0.13258742479107352,0.1248417614657982,0.0066377061165113745,0.029302704664185667,0.0802796447195161,0.13125066952397463,0.18356260413213607,0.23938314342998374,0.27366548730868007,0.351942772043075,0.430644668614261,0.5096718023531471,0.017493086781240296,0.04533578040407611,0.08580126410640153,0.11318130173528608,0.13058652595757966,0.13808860652641217,0.13915924786410264,0.13714991022588668,0.1307484814567315,0.12223704154596438,0.020051196416749104,0.05918305377216396,0.1056579440310362,0.15870652005061306,0.21364704794504175,0.24935985391383414,0.30372860011853875,0.3918071416044393,0.47055848182405535,0.5563612929970585,0.03106570974649607,0.06779134995957216,0.099636356569503,0.12281864793288336,0.1358011997632292,0.1406150071882233,0.13886959702294482,0.13442636812541553,0.12744648138563203,0.11430030832306534,0.024676950540467386,0.06973134924584003,0.11845430677750542,0.17113456209137456,0.22651509568751274,0.2615126706112571,0.3278356860808069,0.41122590510935014,0.49011514208860124,1.0,0.03820074507528609,0.07679630703298684,0.10640882915239454,0.1267025869452315,0.1369449031448207,0.13988712752616297,0.13800975362441575,0.13258742479107352,0.1248417614657982,0.0,0.0,0.024676950540467386,0.06973134924584003,0.11845430677750542,0.17113456209137456,0.22651509568751274,0.2615126706112571,0.3278356860808069,0.41122590510935014,0.49011514208860124,0.0,0.03820074507528609,0.07679630703298684,0.10640882915239454,0.1267025869452315,0.1369449031448207,0.13988712752616297,0.13800975362441575,0.13258742479107352,0.1248417614657982,0.0066377061165113745,0.029302704664185667,0.0802796447195161,0.13125066952397463,0.18356260413213607,0.23938314342998374,0.27366548730868007,0.351942772043075,0.430644668614261,0.5096718023531471,0.017493086781240296,0.04533578040407611,0.08580126410640153,0.11318130173528608,0.13058652595757966,0.13808860652641217,0.13915924786410264,0.13714991022588668,0.1307484814567315,0.12223704154596438,0.020051196416749104,0.05918305377216396,0.1056579440310362,0.15870652005061306,0.21364704794504175,0.24935985391383414,0.30372860011853875,0.3918071416044393,0.47055848182405535,0.5563612929970585,0.03106570974649607,0.06779134995957216,0.099636356569503,0.12281864793288336,0.1358011997632292,0.1406150071882233,0.13886959702294482,0.13442636812541553,0.12744648138563203,0.11430030832306534,0.024676950540467386,0.06973134924584003,0.11845430677750542,0.17113456209137456,0.22651509568751274,0.2615126706112571,0.3278356860808069,0.41122590510935014,0.49011514208860124,1.0,0.03820074507528609,0.07679630703298684,0.10640882915239454,0.1267025869452315,0.1369449031448207,0.13988712752616297,0.13800975362441575,0.13258742479107352,0.1248417614657982,0.0,0.2154,0.00921,23.387622149837135
0.0,0.021707489018640745,0.059145626790510414,0.1001371542711901,0.14698253767062278,0.20517064156588266,0.2757574376235903,0.35066459622615226,0.4378181769753252,0.518185275807983,0.0,0.032202007577311474,0.06597962492462574,0.09160124983372979,0.10985369233870518,0.12037096185558269,0.12161100718380344,0.12203174687585033,0.11938910419248758,0.11405833498237493,0.006691390912135475,0.024581931908474314,0.06800665182369806,0.11121946673653524,0.15926584285121295,0.22286956200345093,0.2876334716103272,0.3775285499841358,0.4608189108648287,0.5386312634068443,0.015325831623537976,0.03809093844951298,0.07389478304900345,0.09776674529007187,0.11369720501600461,0.12218516122054335,0.12212869641018678,0.12228485137098562,0.11848638335351858,0.11219537535592938,0.018833046128807176,0.05028460175732277,0.08905484180584497,0.1346992324900326,0.1874717211283144,0.26388140363685336,0.3238006424681687,0.41481744308582175,0.4977392882091217,0.5810243497500114,0.026313076705109968,0.05806446680024803,0.08543575437738771,0.10601017966140575,0.11855676249062203,0.1210933179574201,0.12177864238071505,0.12029182503145658,0.11592129460882047,0.10531470951549064,0.021707489018640745,0.059145626790510414,0.1001371542711901,0.14698253767062278,0.20517064156588266,0.2757574376235903,0.35066459622615226,0.4378181769753252,0.518185275807983,1.0,0.032202007577311474,0.06597962492462574,0.09160124983372979,0.10985369233870518,0.12037096185558269,0.12161100718380344,0.12203174687585033,0.11938910419248758,0.11405833498237493,0.0,0.0,0.021707489018640745,0.059145626790510414,0.1001371542711901,0.14698253767062278,0.20517064156588266,0.2757574376235903,0.35066459622615226,0.4378181769753252,0.518185275807983,0.0,0.032202007577311474,0.06597962492462574,0.09160124983372979,0.10985369233870518,0.12037096185558269,0.12161100718380344,0.12203174687585033,0.11938910419248758,0.11405833498237493,0.006691390912135475,0.024581931908474314,0.06800665182369806,0.11121946673653524,0.15926584285121295,0.22286956200345093,0.2876334716103272,0.3775285499841358,0.4608189108648287,0.5386312634068443,0.015325831623537976,0.03809093844951298,0.07389478304900345,0.09776674529007187,0.11369720501600461,0.12218516122054335,0.12212869641018678,0.12228485137098562,0.11848638335351858,0.11219537535592938,0.018833046128807176,0.05028460175732277,0.08905484180584497,0.1346992324900326,0.1874717211283144,0.26388140363685336,0.3238006424681687,0.41481744308582175,0.4977392882091217,0.5810243497500114,0.026313076705109968,0.05806446680024803,0.08543575437738771,0.10601017966140575,0.11855676249062203,0.1210933179574201,0.12177864238071505,0.12029182503145658,0.11592129460882047,0.10531470951549064,0.021707489018640745,0.059145626790510414,0.1001371542711901,0.14698253767062278,0.20517064156588266,0.2757574376235903,0.35066459622615226,0.4378181769753252,0.518185275807983,1.0,0.032202007577311474,0.06597962492462574,0.09160124983372979,0.10985369233870518,0.12037096185558269,0.12161100718380344,0.12203174687585033,0.11938910419248758,0.11405833498237493,0.0,0.0675,0.00891,7.575757575757577
0.0,0.02452921460520039,0.06694201700214333,0.11614612185313274,0.17385042017269825,0.23560722624540434,0.2829866937867422,0.3507673312430468,0.4329536855015657,0.5065933904987457,0.0,0.043010250438777695,0.0870606400812303,0.12315688316247346,0.14812703398007737,0.15954805862700744,0.15962142391743084,0.15368012937512088,0.14379129767596383,0.13263229317460756,0.006649311841135942,0.028247052284856987,0.07673836261893827,0.12992819038863207,0.18825195466355826,0.25014127399351715,0.29519666959649554,0.37529125137309305,0.45272643205203666,0.524978992286511,0.019758274206126955,0.051454946428954665,0.09808448776713802,0.13199108897514578,0.15301927996797482,0.1605680065914968,0.1579833582391382,0.1514398539238679,0.14056501141089994,0.1291398597003791,0.020811376925543794,0.05714567138534841,0.10236405331763339,0.15944888568183824,0.22107317849729152,0.2707767179769888,0.3262434111130006,0.41318093895109476,0.4882077887109805,0.5678785098384715,0.034565554448600724,0.07603679239532257,0.11432267734980114,0.14323478799217992,0.15852811066251807,0.16125948959572348,0.15592040482637384,0.1470175839410277,0.13612472664883601,0.12026226791486255,0.02452921460520039,0.06694201700214333,0.11614612185313274,0.17385042017269825,0.23560722624540434,0.2829866937867422,0.3507673312430468,0.4329536855015657,0.5065933904987457,1.0,0.043010250438777695,0.0870606400812303,0.12315688316247346,0.14812703398007737,0.15954805862700744,0.15962142391743084,0.15368012937512088,0.14379129767596383,0.13263229317460756,0.0,0.0,0.02452921460520039,0.06694201700214333,0.11614612185313274,0.17385042017269825,0.23560722624540434,0.2829866937867422,0.3507673312430468,0.4329536855015657,0.5065933904987457,0.0,0.043010250438777695,0.0870606400812303,0.12315688316247346,0.14812703398007737,0.15954805862700744,0.15962142391743084,0.15368012937512088,0.14379129767596383,0.13263229317460756,0.006649311841135942,0.028247052284856987,0.07673836261893827,0.12992819038863207,0.18825195466355826,0.25014127399351715,0.29519666959649554,0.37529125137309305,0.45272643205203666,0.524978992286511,0.019758274206126955,0.051454946428954665,0.09808448776713802,0.13199108897514578,0.15301927996797482,0.1605680065914968,0.1579833582391382,0.1514398539238679,0.14056501141089994,0.1291398597003791,0.020811376925543794,0.05714567138534841,0.10236405331763339,0.15944888568183824,0.22107317849729152,0.2707767179769888,0.3262434111130006,0.41318093895109476,0.4882077887109805,0.5678785098384715,0.034565554448600724,0.07603679239532257,0.11432267734980114,0.14323478799217992,0.15852811066251807,0.16125948959572348,0.15592040482637384,0.1470175839410277,0.13612472664883601,0.12026226791486255,0.02452921460520039,0.06694201700214333,0.11614612185313274,0.17385042017269825,0.23560722624540434,0.2829866937867422,0.3507673312430468,0.4329536855015657,0.5065933904987457,1.0,0.043010250438777695,0.0870606400812303,0.12315688316247346,0.14812703398007737,0.15954805862700744,0.15962142391743084,0.15368012937512088,0.14379129767596383,0.13263229317460756,0.0,0.1909,0.00898,21.258351893095767
0.0,0.021961286668811905,0.0539093377727987,0.0926091877195345,0.1420632537839736,0.201249621485398,0.2539331625760447,0.32558042235245216,0.41252504788391486,0.4886881637798679,0.0,0.04170958095113956,0.0841149020155812,0.12084889687335665,0.14767573110078114,0.1610667997234006,0.16229426533931332,0.1573408703744471,0.14780862323871752,0.13646392590058695,0.006612875790170117,0.02293092097295841,0.060091135730445576,0.10307516524492644,0.1541372599523833,0.2165347196189819,0.2670022270795852,0.35051055303059026,0.4335910975649833,0.5062376526790539,0.019761906588257976,0.049102947948004814,0.09497878008455524,0.13009593897227953,0.15314316865518743,0.16267145304206537,0.16099601270991173,0.15532948570956642,0.14452519649474774,0.1329888266399256,0.0209916523646654,0.04772753981515183,0.08214321019414256,0.1299892476155639,0.18596452335181407,0.24086409807250417,0.30065029167431406,0.3914589982028464,0.47113867488068195,0.5511338255778182,0.034316213954274304,0.07325102394660715,0.11160185477443377,0.14220829354637485,0.15946214640473583,0.1635925179687149,0.1593522550393278,0.1510920499826873,0.13993902516124831,0.12389324241981121,0.021961286668811905,0.0539093377727987,0.0926091877195345,0.1420632537839736,0.201249621485398,0.2539331625760447,0.32558042235245216,0.41252504788391486,0.4886881637798679,1.0,0.04170958095113956,0.0841149020155812,0.12084889687335665,0.14767573110078114,0.1610667997234006,0.16229426533931332,0.1573408703744471,0.14780862323871752,0.13646392590058695,0.0,0.0,0.021961286668811905,0.0539093377727987,0.0926091877195345,0.1420632537839736,0.201249621485398,0.2539331625760447,0.32558042235245216,0.41252504788391486,0.4886881637798679,0.0,0.04170958095113956,0.0841149020155812,0.12084889687335665,0.14767573110078114,0.1610667997234006,0.16229426533931332,0.1573408703744471,0.14780862323871752,0.13646392590058695,0.006612875790170117,0.02293092097295841,0.060091135730445576,0.10307516524492644,0.1541372599523833,0.2165347196189819,0.2670022270795852,0.35051055303059026,0.4335910975649833,0.5062376526790539,0.019761906588257976,0.049102947948004814,0.09497878008455524,0.13009593897227953,0.15314316865518743,0.16267145304206537,0.16099601270991173,0.15532948570956642,0.14452519649474774,0.1329888266399256,0.0209916523646654,0.04772753981515183,0.08214321019414256,0.1299892476155639,0.18596452335181407,0.24086409807250417,0.30065029167431406,0.3914589982028464,0.47113867488068195,0.5511338255778182,0.034316213954274304,0.07325102394660715,0.11160185477443377,0.14220829354637485,0.15946214640473583,0.1635925179687149,0.1593522550393278,0.1510920499826873,0.13993902516124831,0.12389324241981121,0.021961286668811905,0.0539093377727987,0.0926091877195345,0.1420632537839736,0.201249621485398,0.2539331625760447,0.32558042235245216,0.41252504788391486,0.4886881637798679,1.0,0.04170958095113956,0.0841149020155812,0.12084889687335665,0.14767573110078114,0.1610667997234006,0.16229426533931332,0.1573408703744471,0.14780862323871752,0.13646392590058695,0.0,0.1397,0.00915,15.26775956284153
0.0,0.021348700221244188,0.057024448350063976,0.09420105719292023,0.13497703891622778,0.18612061319312534,0.2543702304995225,0.3216264221746349,0.40301397171863385,0.48030507326000677,0.0,0.03111833422141761,0.06280261065068463,0.08632032283415768,0.10315318660931003,0.11361226264896174,0.11553248592588376,0.11831437991566145,0.11879160927357058,0.1162762329712475,0.006746774497584844,0.02383825919987515,0.06469461442387878,0.10326534390743605,0.14450984391249003,0.2006947646828043,0.26157383160221104,0.3451144181897802,0.42292454708771543,0.4989578543377668,0.014710639303959876,0.03643056616302051,0.06977390676836423,0.09172495479826781,0.10655165699790695,0.11547170996847682,0.11661510066546768,0.11936317663064218,0.11887226756030117,0.11516663716528522,0.018859141242613224,0.049354282276249176,0.0851367704784044,0.12544423391996554,0.17154646170344637,0.24716662939683398,0.29813842615948954,0.38310339634955226,0.46165229218224674,0.5449693266639906,0.025806102279814714,0.05583131453300502,0.08091569087004755,0.09975471622071311,0.11175281532944666,0.11444987118629985,0.11726558320068071,0.11871095098683998,0.1173858287772098,0.10884534586756942,0.021348700221244188,0.057024448350063976,0.09420105719292023,0.13497703891622778,0.18612061319312534,0.2543702304995225,0.3216264221746349,0.40301397171863385,0.48030507326000677,1.0,0.03111833422141761,0.06280261065068463,0.08632032283415768,0.10315318660931003,0.11361226264896174,0.11553248592588376,0.11831437991566145,0.11879160927357058,0.1162762329712475,0.0,0.0,0.021348700221244188,0.057024448350063976,0.09420105719292023,0.13497703891622778,0.18612061319312534,0.2543702304995225,0.3216264221746349,0.40301397171863385,0.48030507326000677,0.0,0.03111833422141761,0.06280261065068463,0.08632032283415768,0.10315318660931003,0.11361226264896174,0.11553248592588376,0.11831437991566145,0.11879160927357058,0.1162762329712475,0.006746774497584844,0.02383825919987515,0.06469461442387878,0.10326534390743605,0.14450984391249003,0.2006947646828043,0.26157383160221104,0.3451144181897802,0.42292454708771543,0.4989578543377668,0.014710639303959876,0.03643056616302051,0.06977390676836423,0.09172495479826781,0.10655165699790695,0.11547170996847682,0.11661510066546768,0.11936317663064218,0.11887226756030117,0.11516663716528522,0.018859141242613224,0.049354282276249176,0.0851367704784044,0.12544423391996554,0.17154646170344637,0.24716662939683398,0.29813842615948954,0.38310339634955226,0.46165229218224674,0.5449693266639906,0.025806102279814714,0.05583131453300502,0.08091569087004755,0.09975471622071311,0.11175281532944666,0.11444987118629985,0.11726558320068071,0.11871095098683998,0.1173858287772098,0.10884534586756942,0.021348700221244188,0.057024448350063976,0.09420105719292023,0.13497703891622778,0.18612061319312534,0.2543702304995225,0.3216264221746349,0.40301397171863385,0.48030507326000677,1.0,0.03111833422141761,0.06280261065068463,0.08632032283415768,0.10315318660931003,0.11361226264896174,0.11553248592588376,0.11831437991566145,0.11879160927357058,0.1162762329712475,0.0,0.0416,0.00981,4.240570846075434
0.0,0.02213490953555936,0.05959581177960363,0.10040395955530686,0.14629920065253152,0.20223770633778282,0.23575462797846333,0.3143633034351753,0.40964455099377484,0.49809602601010144,0.0,0.03324596682079012,0.06748155537565995,0.09440455578561711,0.11429268757038627,0.1258341615338377,0.1316633994466532,0.13174587951814867,0.12734626545118685,0.11969139299304078,0.00657718561039093,0.024891956540198684,0.0681971750945243,0.11104077610721301,0.15764809271992186,0.2188367569018424,0.2545769414762533,0.3424655307865843,0.4337386148750737,0.5197249989192154,0.01593151479451084,0.03879482780920905,0.07561814031688556,0.10073347272306836,0.11845634123000638,0.12771264917821476,0.13144557240569188,0.1314897161881927,0.12566343910852562,0.11717030389195685,0.019377862530920033,0.05099444846468295,0.0897671430034007,0.13495030858514118,0.18563865577372324,0.21693231448067338,0.28626107608376633,0.38555048711247597,0.47646705310098747,0.566878918153242,0.02769710583237119,0.05934497043443433,0.08807563884816587,0.11012903391076616,0.12395567388946063,0.13188122648761452,0.13200204284810466,0.12902909179384808,0.12221248209412472,0.1094362392290002,0.02213490953555936,0.05959581177960363,0.10040395955530686,0.14629920065253152,0.20223770633778282,0.23575462797846333,0.3143633034351753,0.40964455099377484,0.49809602601010144,1.0,0.03324596682079012,0.06748155537565995,0.09440455578561711,0.11429268757038627,0.1258341615338377,0.1316633994466532,0.13174587951814867,0.12734626545118685,0.11969139299304078,0.0,0.0,0.02213490953555936,0.05959581177960363,0.10040395955530686,0.14629920065253152,0.20223770633778282,0.23575462797846333,0.3143633034351753,0.40964455099377484,0.49809602601010144,0.0,0.03324596682079012,0.06748155537565995,0.09440455578561711,0.11429268757038627,0.1258341615338377,0.1316633994466532,0.13174587951814867,0.12734626545118685,0.11969139299304078,0.00657718561039093,0.024891956540198684,0.0681971750945243,0.11104077610721301,0.15764809271992186,0.2188367569018424,0.2545769414762533,0.3424655307865843,0.4337386148750737,0.5197249989192154,0.01593151479451084,0.03879482780920905,0.07561814031688556,0.10073347272306836,0.11845634123000638,0.12771264917821476,0.13144557240569188,0.1314897161881927,0.12566343910852562,0.11717030389195685,0.019377862530920033,0.05099444846468295,0.0897671430034007,0.13495030858514118,0.18563865577372324,0.21693231448067338,0.28626107608376633,0.38555048711247597,0.47646705310098747,0.566878918153242,0.02769710583237119,0.05934497043443433,0.08807563884816587,0.11012903391076616,0.12395567388946063,0.13188122648761452,0.13200204284810466,0.12902909179384808,0.12221248209412472,0.1094362392290002,0.02213490953555936,0.05959581177960363,0.10040395955530686,0.14629920065253152,0.20223770633778282,0.23575462797846333,0.3143633034351753,0.40964455099377484,0.49809602601010144,1.0,0.03324596682079012,0.06748155537565995,0.09440455578561711,0.11429268757038627,0.1258341615338377,0.1316633994466532,0.13174587951814867,0.12734626545118685,0.11969139299304078,0.0,0.1818,0.00888,20.47297297297297
0.0,0.02383489190427104,0.06386973635082319,0.10864154474679413,0.15984934648523333,0.2153281789146196,0.26073562195418565,0.3243857462835555,0.4043549361043253,0.4780111719500364,0.0,0.04074283499906394,0.08170043609807444,0.11483208690458455,0.1379661046883703,0.14936716236644706,0.1506662444973215,0.14743756677572314,0.14071900806156115,0.1321525549167583,0.006670731598901155,0.0270374218931181,0.0724734405318675,0.12033684881903087,0.17169894244778994,0.2277792443787627,0.27010653364610787,0.3469169207628087,0.42250740055915426,0.4955020414984752,0.018756604758843602,0.04828101948951014,0.09157109307590268,0.12272225340493642,0.14242139702468257,0.15056386831418317,0.1497152815666999,0.14610871476462747,0.13845892363339846,0.12936161144507455,0.02063236191542398,0.05526603216977887,0.0969462406745574,0.14799975052267672,0.20287711345047652,0.2513647102622634,0.30185457180430225,0.3862024716494964,0.4605203024015976,0.5417711244956916,0.03320465050861774,0.0718297791202462,0.10694192040423267,0.13351081235205806,0.14817045641871096,0.1516172074279431,0.14876641878681882,0.14297909248972385,0.13494349838844208,0.12104374440844431,0.02383489190427104,0.06386973635082319,0.10864154474679413,0.15984934648523333,0.2153281789146196,0.26073562195418565,0.3243857462835555,0.4043549361043253,0.4780111719500364,1.0,0.04074283499906394,0.08170043609807444,0.11483208690458455,0.1379661046883703,0.14936716236644706,0.1506662444973215,0.14743756677572314,0.14071900806156115,0.1321525549167583,0.0,0.0,0.02383489190427104,0.06386973635082319,0.10864154474679413,0.15984934648523333,0.2153281789146196,0.26073562195418565,0.3243857462835555,0.4043549361043253,0.4780111719500364,0.0,0.04074283499906394,0.08170043609807444,0.11483208690458455,0.1379661046883703,0.14936716236644706,0.1506662444973215,0.14743756677572314,0.14071900806156115,0.1321525549167583,0.006670731598901155,0.0270374218931181,0.0724734405318675,0.12033684881903087,0.17169894244778994,0.2277792443787627,0.27010653364610787,0.3469169207628087,0.42250740055915426,0.4955020414984752,0.018756604758843602,0.04828101948951014,0.09157109307590268,0.12272225340493642,0.14242139702468257,0.15056386831418317,0.1497152815666999,0.14610871476462747,0.13845892363339846,0.12936161144507455,0.02063236191542398,0.05526603216977887,0.0969462406745574,0.14799975052267672,0.20287711345047652,0.2513647102622634,0.30185457180430225,0.3862024716494964,0.4605203024015976,0.5417711244956916,0.03320465050861774,0.0718297791202462,0.10694192040423267,0.13351081235205806,0.14817045641871096,0.1516172074279431,0.14876641878681882,0.14297909248972385,0.13494349838844208,0.12104374440844431,0.02383489190427104,0.06386973635082319,0.10864154474679413,0.15984934648523333,0.2153281789146196,0.26073562195418565,0.3243857462835555,0.4043549361043253,0.4780111719500364,1.0,0.04074283499906394,0.08170043609807444,0.11483208690458455,0.1379661046883703,0.14936716236644706,0.1506662444973215,0.14743756677572314,0.14071900806156115,0.1321525549167583,0.0,0.2171,0.01046,20.755258126195027
0.0,0.024028960762911562,0.06847725759541928,0.11390123224362073,0.15957092244132728,0.20849960315988975,0.25974941591609346,0.3108824288123996,0.37436787732075977,0.4373664690866011,0.0,0.035303027753942284,0.07098887064098694,0.09664362817177724,0.11370023635123298,0.12304654069684857,0.12364183704470733,0.1251209117549064,0.12621686741156812,0.12592156190171602,0.0069874894875307245,0.02874809552171483,0.07841736835741575,0.12497393419960676,0.16900108175963643,0.21882856621310182,0.2611785937250073,0.32834012884103164,0.38725783826981547,0.4529653745876281,0.015535752927288806,0.042425307877401126,0.07858795881272235,0.1022731107697767,0.11662793568561178,0.12408779945099932,0.12393570087259217,0.12578359815134318,0.12674369881038328,0.1253307778769482,0.019309826004108296,0.05853714683342281,0.1028285302876347,0.15014076312301813,0.19817064010667768,0.25832023810717963,0.2934247287837675,0.36147791637170407,0.4217675635855741,0.4993874961064204,0.028180747630483442,0.06338978246925153,0.09101414557377778,0.11077253701685419,0.12200528194269783,0.12334797321682248,0.12445822535846959,0.12569003601275297,0.12651234592648383,0.11960466330220584,0.024028960762911562,0.06847725759541928,0.11390123224362073,0.15957092244132728,0.20849960315988975,0.25974941591609346,0.3108824288123996,0.37436787732075977,0.4373664690866011,1.0,0.035303027753942284,0.07098887064098694,0.09664362817177724,0.11370023635123298,0.12304654069684857,0.12364183704470733,0.1251209117549064,0.12621686741156812,0.12592156190171602,0.0,0.0,0.024028960762911562,0.06847725759541928,0.11390123224362073,0.15957092244132728,0.20849960315988975,0.25974941591609346,0.3108824288123996,0.37436787732075977,0.4373664690866011,0.0,0.035303027753942284,0.07098887064098694,0.09664362817177724,0.11370023635123298,0.12304654069684857,0.12364183704470733,0.1251209117549064,0.12621686741156812,0.12592156190171602,0.0069874894875307245,0.02874809552171483,0.07841736835741575,0.12497393419960676,0.16900108175963643,0.21882856621310182,0.2611785937250073,0.32834012884103164,0.38725783826981547,0.4529653745876281,0.015535752927288806,0.042425307877401126,0.07858795881272235,0.1022731107697767,0.11662793568561178,0.12408779945099932,0.12393570087259217,0.12578359815134318,0.12674369881038328,0.1253307778769482,0.019309826004108296,0.05853714683342281,0.1028285302876347,0.15014076312301813,0.19817064010667768,0.25832023810717963,0.2934247287837675,0.36147791637170407,0.4217675635855741,0.4993874961064204,0.028180747630483442,0.06338978246925153,0.09101414557377778,0.11077253701685419,0.12200528194269783,0.12334797321682248,0.12445822535846959,0.12569003601275297,0.12651234592648383,0.11960466330220584,0.024028960762911562,0.06847725759541928,0.11390123224362073,0.15957092244132728,0.20849960315988975,0.25974941591609346,0.3108824288123996,0.37436787732075977,0.4373664690866011,1.0,0.035303027753942284,0.07098887064098694,0.09664362817177724,0.11370023635123298,0.12304654069684857,0.12364183704470733,0.1251209117549064,0.12621686741156812,0.12592156190171602,0.0,0.0063,0.01236,0.5097087378640777
0.0,0.024999997241032818,0.07499999517303343,0.12499999550932528,0.17499999498089094,0.22499999527736433,0.2749999960078658,0.3499999995039708,0.44999999983184696,0.549999999039556,0.0,0.02999999659243376,0.05899999517274593,0.07699999564930726,0.08829999536750098,0.09549999527831098,0.10049999517683089,0.10449999531460422,0.10364999506350116,0.09724999486650993,0.006250005133917589,0.031249989346403332,0.08749999128284211,0.13749999133695973,0.18749999021589148,0.23749999195082763,0.28749998851517156,0.37916666666544335,0.47500000018943594,0.5749999986166651,0.01437500309778611,0.034374990086987904,0.0647499912598114,0.08024999195861487,0.09062499146631013,0.0970083248200161,0.10195832407087727,0.10570832488382206,0.103083324336739,0.09498332391512414,0.018750005135662304,0.062499999063224766,0.11249999968169083,0.1624999997458904,0.21249999860390104,0.26250000350056,0.3208333323424983,0.424999999474258,0.5249999994624469,0.6249999995835167,0.025625003097879614,0.053249999085680455,0.07374999933999965,0.08597499926869183,0.09399166573660585,0.09904166628278452,0.10329166574538637,0.10421666579026331,0.09951666581789571,0.08729166584010344,0.024999997241032818,0.07499999517303343,0.12499999550932528,0.17499999498089094,0.22499999527736433,0.2749999960078658,0.3499999995039708,0.44999999983184696,0.549999999039556,1.0,0.02999999659243376,0.05899999517274593,0.07699999564930726,0.08829999536750098,0.09549999527831098,0.10049999517683089,0.10449999531460422,0.10364999506350116,0.09724999486650993,0.0,0.0,0.024999997241032818,0.07499999517303343,0.12499999550932528,0.17499999498089094,0.22499999527736433,0.2749999960078658,0.3499999995039708,0.44999999983184696,0.549999999039556,0.0,0.02999999659243376,0.05899999517274593,0.07699999564930726,0.08829999536750098,0.09549999527831098,0.10049999517683089,0.10449999531460422,0.10364999506350116,0.09724999486650993,0.006250005133917589,0.031249989346403332,0.08749999128284211,0.13749999133695973,0.18749999021589148,0.23749999195082763,0.28749998851517156,0.37916666666544335,0.47500000018943594,0.5749999986166651,0.01437500309778611,0.034374990086987904,0.0647499912598114,0.08024999195861487,0.09062499146631013,0.0970083248200161,0.10195832407087727,0.10570832488382206,0.103083324336739,0.09498332391512414,0.018750005135662304,0.062499999063224766,0.11249999968169083,0.1624999997458904,0.21249999860390104,0.26250000350056,0.3208333323424983,0.424999999474258,0.5249999994624469,0.6249999995835167,0.025625003097879614,0.053249999085680455,0.07374999933999965,0.08597499926869183,0.09399166573660585,0.09904166628278452,0.10329166574538637,0.10421666579026331,0.09951666581789571,0.08729166584010344,0.024999997241032818,0.07499999517303343,0.12499999550932528,0.17499999498089094,0.22499999527736433,0.2749999960078658,0.3499999995039708,0.44999999983184696,0.549999999039556,1.0,0.02999999659243376,0.05899999517274593,0.07699999564930726,0.08829999536750098,0.09549999527831098,0.10049999517683089,0.10449999531460422,0.10364999506350116,0.09724999486650993,0.0,,,
0.0,0.027752962743293932,0.08903935275476053,0.14731293885139068,0.19929120488859808,0.24297600354301974,0.2738747494448407,0.33868228923744753,0.43180340296144054,0.5313508165394109,0.0,0.028856307173704212,0.05570658541194626,0.06874671916966395,0.07509447139166527,0.07970646074668311,0.08606645280615817,0.09257821687786874,0.09526907898632134,0.09203669965468572,0.006273189024424071,0.03708808167068713,0.10480094215045918,0.16129559584479838,0.21114570747935874,0.2509502116827019,0.2827636724081044,0.36489913477580466,0.45314619682011514,0.5566937476409022,0.013139779920199279,0.03322747889095319,0.06003201779436906,0.07004455486242622,0.07604958809633021,0.08067314399078639,0.08790219980187206,0.0946592764418101,0.09593085360601147,0.0905242323208176,0.018417843815900732,0.07327776335906189,0.13333028185798299,0.18743670229783743,0.2350017954033376,0.264985826481577,0.3124654436990904,0.41046060910276594,0.5060078854379195,0.610274970519686,0.02448513545645523,0.05138115302952346,0.06744888347690167,0.07413935468700032,0.07873977750257984,0.08423070581044428,0.09049715731392738,0.0946073043666312,0.09354916698855384,0.08361998604439379,0.027752962743293932,0.08903935275476053,0.14731293885139068,0.19929120488859808,0.24297600354301974,0.2738747494448407,0.33868228923744753,0.43180340296144054,0.5313508165394109,1.0,0.028856307173704212,0.05570658541194626,0.06874671916966395,0.07509447139166527,0.07970646074668311,0.08606645280615817,0.09257821687786874,0.09526907898632134,0.09203669965468572,0.0,0.0,0.027752962743293932,0.08903935275476053,0.14731293885139068,0.19929120488859808,0.24297600354301974,0.2738747494448407,0.33868228923744753,0.43180340296144054,0.5313508165394109,0.0,0.028856307173704212,0.05570658541194626,0.06874671916966395,0.07509447139166527,0.07970646074668311,0.08606645280615817,0.09257821687786874,0.09526907898632134,0.09203669965468572,0.006273189024424071,0.03708808167068713,0.10480094215045918,0.16129559584479838,0.21114570747935874,0.2509502116827019,0.2827636724081044,0.36489913477580466,0.45314619682011514,0.5566937476409022,0.013139779920199279,0.03322747889095319,0.06003201779436906,0.07004455486242622,0.07604958809633021,0.08067314399078639,0.08790219980187206,0.0946592764418101,0.09593085360601147,0.0905242323208176,0.018417843815900732,0.07327776335906189,0.13333028185798299,0.18743670229783743,0.2350017954033376,0.264985826481577,0.3124654436990904,0.41046060910276594,0.5060078854379195,0.610274970519686,0.02448513545645523,0.05138115302952346,0.06744888347690167,0.07413935468700032,0.07873977750257984,0.08423070581044428,0.09049715731392738,0.0946073043666312,0.09354916698855384,0.08361998604439379,0.027752962743293932,0.08903935275476053,0.14731293885139068,0.19929120488859808,0.24297600354301974,0.2738747494448407,0.33868228923744753,0.43180340296144054,0.5313508165394109,1.0,0.028856307173704212,0.05570658541194626,0.06874671916966395,0.07509447139166527,0.07970646074668311,0.08606645280615817,0.09257821687786874,0.09526907898632134,0.09203669965468572,0.0,0.4141,0.00788,52.5507614213198
0.0,0.025978549822766213,0.08202156527250781,0.132194323083736,0.17328252292998078,0.20907426241779847,0.24905975353957016,0.3050541371573592,0.3875066914740639,0.4792116213953476,0.0,0.024699197307523756,0.046985832443343166,0.05567507212794304,0.05939484644508353,0.06411871968655834,0.0705014462152447,0.0811124191574128,0.08984239937226939,0.09266834419615445,0.006490402770254901,0.034174043898230796,0.09563755836801412,0.14287755162447063,0.18116212233681409,0.21514484967641928,0.2511728589986584,0.32677334627022364,0.40492633229710207,0.5017461826774208,0.011103840301866036,0.0280850986970858,0.049636804454635475,0.05577481320553728,0.0596963890103679,0.06536876037173206,0.07348347484732606,0.08478163147077467,0.09251963009327877,0.09281815884005878,0.017783055747301633,0.06840557217700151,0.12151109454300137,0.16540292352314748,0.20300367515917767,0.24694664808048197,0.2833349280444947,0.37008705065102576,0.45667706011327447,0.5575293715053031,0.02131329591796171,0.04433486043205086,0.05557533105034879,0.05909330387979915,0.06286867900138463,0.06751941758316335,0.07744320684405093,0.08716516865126,0.09251852955225012,0.08759746044077177,0.025978549822766213,0.08202156527250781,0.132194323083736,0.17328252292998078,0.20907426241779847,0.24905975353957016,0.3050541371573592,0.3875066914740639,0.4792116213953476,1.0,0.024699197307523756,0.046985832443343166,0.05567507212794304,0.05939484644508353,0.06411871968655834,0.0705014462152447,0.0811124191574128,0.08984239937226939,0.09266834419615445,0.0,0.0,0.025978549822766213,0.08202156527250781,0.132194323083736,0.17328252292998078,0.20907426241779847,0.24905975353957016,0.3050541371573592,0.3875066914740639,0.4792116213953476,0.0,0.024699197307523756,0.046985832443343166,0.05567507212794304,0.05939484644508353,0.06411871968655834,0.0705014462152447,0.0811124191574128,0.08984239937226939,0.09266834419615445,0.006490402770254901,0.034174043898230796,0.09563755836801412,0.14287755162447063,0.18116212233681409,0.21514484967641928,0.2511728589986584,0.32677334627022364,0.40492633229710207,0.5017461826774208,0.011103840301866036,0.0280850986970858,0.049636804454635475,0.05577481320553728,0.0596963890103679,0.06536876037173206,0.07348347484732606,0.08478163147077467,0.09251963009327877,0.09281815884005878,0.017783055747301633,0.06840557217700151,0.12151109454300137,0.16540292352314748,0.20300367515917767,0.24694664808048197,0.2833349280444947,0.37008705065102576,0.45667706011327447,0.5575293715053031,0.02131329591796171,0.04433486043205086,0.05557533105034879,0.05909330387979915,0.06286867900138463,0.06751941758316335,0.07744320684405093,0.08716516865126,0.09251852955225012,0.08759746044077177,0.025978549822766213,0.08202156527250781,0.132194323083736,0.17328252292998078,0.20907426241779847,0.24905975353957016,0.3050541371573592,0.3875066914740639,0.4792116213953476,1.0,0.024699197307523756,0.046985832443343166,0.05567507212794304,0.05939484644508353,0.06411871968655834,0.0705014462152447,0.0811124191574128,0.08984239937226939,0.09266834419615445,0.0,0.2539,0.0082,30.96341463414634
0.0,0.024674915214347594,0.08037581466811783,0.12828817635638054,0.16519115063644327,0.2007526351429405,0.26072362760900974,0.3229845600836906,0.40966773777337606,0.506919797719481,0.0,0.01717718801033038,0.032603727934183806,0.03357954954684492,0.03187124559464254,0.03525187900192224,0.041709190083807704,0.0563016495419141,0.06960718202216422,0.07606279328393827,0.00649695751538226,0.03311257612489357,0.09460344006195953,0.13838285617459098,0.1729278511187405,0.20971677907456163,0.26297983318430485,0.34732320081298246,0.43009965446118203,0.5317759054674636,0.007946329740368598,0.01902814691078574,0.03315293427613774,0.03169464784151852,0.031303967723281506,0.036927117219782875,0.046173268522877495,0.06161906194840334,0.0738006817909796,0.07721920995384021,0.01623725430380162,0.06614818927427613,0.1181934965381701,0.15745445015414603,0.19178849121131938,0.25846742203371464,0.2986459193543987,0.3892358210855701,0.48206368997149857,0.5856161458443532,0.015326229109875016,0.03205452159222987,0.03546445125217131,0.03243852346600358,0.033576640784061605,0.03724511164473791,0.05098423713542486,0.06541368225334884,0.07490637661403632,0.07337064895778533,0.024674915214347594,0.08037581466811783,0.12828817635638054,0.16519115063644327,0.2007526351429405,0.26072362760900974,0.3229845600836906,0.40966773777337606,0.506919797719481,1.0,0.01717718801033038,0.032603727934183806,0.03357954954684492,0.03187124559464254,0.03525187900192224,0.041709190083807704,0.0563016495419141,0.06960718202216422,0.07606279328393827,0.0,0.0,0.024674915214347594,0.08037581466811783,0.12828817635638054,0.16519115063644327,0.2007526351429405,0.26072362760900974,0.3229845600836906,0.40966773777337606,0.506919797719481,0.0,0.01717718801033038,0.032603727934183806,0.03357954954684492,0.03187124559464254,0.03525187900192224,0.041709190083807704,0.0563016495419141,0.06960718202216422,0.07606279328393827,0.00649695751538226,0.03311257612489357,0.09460344006195953,0.13838285617459098,0.1729278511187405,0.20971677907456163,0.26297983318430485,0.34732320081298246,0.43009965446118203,0.5317759054674636,0.007946329740368598,0.01902814691078574,0.03315293427613774,0.03169464784151852,0.031303967723281506,0.036927117219782875,0.046173268522877495,0.06161906194840334,0.0738006817909796,0.07721920995384021,0.01623725430380162,0.06614818927427613,0.1181934965381701,0.15745445015414603,0.19178849121131938,0.25846742203371464,0.2986459193543987,0.3892358210855701,0.48206368997149857,0.5856161458443532,0.015326229109875016,0.03205452159222987,0.03546445125217131,0.03243852346600358,0.033576640784061605,0.03724511164473791,0.05098423713542486,0.06541368225334884,0.07490637661403632,0.07337064895778533,0.024674915214347594,0.08037581466811783,0.12828817635638054,0.16519115063644327,0.2007526351429405,0.26072362760900974,0.3229845600836906,0.40966773777337606,0.506919797719481,1.0,0.01717718801033038,0.032603727934183806,0.03357954954684492,0.03187124559464254,0.03525187900192224,0.041709190083807704,0.0563016495419141,0.06960718202216422,0.07606279328393827,0.0,0.1878,0.0081,23.185185185185187
0.0,0.027189037734692726,0.09771383568115402,0.15792899807342048,0.20110821612617974,0.2375844530316268,0.3148506962209542,0.37155994542278925,0.44909153883666053,0.5430611756049639,0.0,0.01195685948560367,0.022960235977158988,0.015067684978055544,0.004814119138479546,0.003760892074914965,0.007612440466806911,0.025315385659767743,0.04402548664766662,0.055976418760631155,0.006628790535414794,0.03987515595550226,0.11747188329292227,0.17172337128935053,0.21114897480565084,0.24664771293486773,0.31173592366147534,0.3953926107489828,0.46816001644372135,0.5698800992222658,0.004769836350965556,0.013951932159553463,0.021456683907111595,0.01046447695420135,0.0023265399583322494,0.004903893602811196,0.01327239483239133,0.03221170344023692,0.05031346664979499,0.05854089967197067,0.014502919513883187,0.07795578806938577,0.14413462485749043,0.19106745744670864,0.2285211931283859,0.317965468780433,0.3477272800965957,0.4300230612295997,0.516242251987662,0.6194401267769657,0.009961786811653878,0.02446378804720638,0.019670893001909738,0.0073016983186268425,0.0026178905470187336,0.001952486101222492,0.01841906787929857,0.037737506645538245,0.053411937849291644,0.056742222030880064,0.027189037734692726,0.09771383568115402,0.15792899807342048,0.20110821612617974,0.2375844530316268,0.3148506962209542,0.37155994542278925,0.44909153883666053,0.5430611756049639,1.0,0.01195685948560367,0.022960235977158988,0.015067684978055544,0.004814119138479546,0.003760892074914965,0.007612440466806911,0.025315385659767743,0.04402548664766662,0.055976418760631155,0.0,0.0,0.027189037734692726,0.09771383568115402,0.15792899807342048,0.20110821612617974,0.2375844530316268,0.3148506962209542,0.37155994542278925,0.44909153883666053,0.5430611756049639,0.0,0.01195685948560367,0.022960235977158988,0.015067684978055544,0.004814119138479546,0.003760892074914965,0.007612440466806911,0.025315385659767743,0.04402548664766662,0.055976418760631155,0.006628790535414794,0.03987515595550226,0.11747188329292227,0.17172337128935053,0.21114897480565084,0.24664771293486773,0.31173592366147534,0.3953926107489828,0.46816001644372135,0.5698800992222658,0.004769836350965556,0.013951932159553463,0.021456683907111595,0.01046447695420135,0.0023265399583322494,0.004903893602811196,0.01327239483239133,0.03221170344023692,0.05031346664979499,0.05854089967197067,0.014502919513883187,0.07795578806938577,0.14413462485749043,0.19106745744670864,0.2285211931283859,0.317965468780433,0.3477272800965957,0.4300230612295997,0.516242251987662,0.6194401267769657,0.009961786811653878,0.02446378804720638,0.019670893001909738,0.0073016983186268425,0.0026178905470187336,0.001952486101222492,0.01841906787929857,0.037737506645538245,0.053411937849291644,0.056742222030880064,0.027189037734692726,0.09771383568115402,0.15792899807342048,0.20110821612617974,0.2375844530316268,0.3148506962209542,0.37155994542278925,0.44909153883666053,0.5430611756049639,1.0,0.01195685948560367,0.022960235977158988,0.015067684978055544,0.004814119138479546,0.003760892074914965,0.007612440466806911,0.025315385659767743,0.04402548664766662,0.055976418760631155,0.0,0.1123,0.00788,14.251269035532994
0.0,0.024999997241032818,0.07499999517303343,0.12499999550932528,0.17499999498089094,0.22499999527736433,0.2749999960078658,0.3499999995039708,0.44999999983184696,0.549999999039556,0.0,0.02999999659243376,0.05899999517274593,0.07699999564930726,0.08829999536750098,0.09549999527831098,0.10049999517683089,0.10449999531460422,0.10364999506350116,0.09724999486650993,0.006250005133917589,0.031249989346403332,0.08749999128284211,0.13749999133695973,0.18749999021589148,0.23749999195082763,0.28749998851517156,0.37916666666544335,0.47500000018943594,0.5749999986166651,0.01437500309778611,0.034374990086987904,0.0647499912598114,0.08024999195861487,0.09062499146631013,0.0970083248200161,0.10195832407087727,0.10570832488382206,0.103083324336739,0.09498332391512414,0.018750005135662304,0.062499999063224766,0.11249999968169083,0.1624999997458904,0.21249999860390104,0.26250000350056,0.3208333323424983,0.424999999474258,0.5249999994624469,0.6249999995835167,0.025625003097879614,0.053249999085680455,0.07374999933999965,0.08597499926869183,0.09399166573660585,0.09904166628278452,0.10329166574538637,0.10421666579026331,0.09951666581789571,0.08729166584010344,0.024999997241032818,0.07499999517303343,0.12499999550932528,0.17499999498089094,0.22499999527736433,0.2749999960078658,0.3499999995039708,0.44999999983184696,0.549999999039556,1.0,0.02999999659243376,0.05899999517274593,0.07699999564930726,0.08829999536750098,0.09549999527831098,0.10049999517683089,0.10449999531460422,0.10364999506350116,0.09724999486650993,0.0,0.0,0.024999997241032818,0.07499999517303343,0.12499999550932528,0.17499999498089094,0.22499999527736433,0.2749999960078658,0.3499999995039708,0.44999999983184696,0.549999999039556,0.0,0.02999999659243376,0.05899999517274593,0.07699999564930726,0.08829999536750098,0.09549999527831098,0.10049999517683089,0.10449999531460422,0.10364999506350116,0.09724999486650993,0.006250005133917589,0.031249989346403332,0.08749999128284211,0.13749999133695973,0.18749999021589148,0.23749999195082763,0.28749998851517156,0.37916666666544335,0.47500000018943594,0.5749999986166651,0.01437500309778611,0.034374990086987904,0.0647499912598114,0.08024999195861487,0.09062499146631013,0.0970083248200161,0.10195832407087727,0.10570832488382206,0.103083324336739,0.09498332391512414,0.018750005135662304,0.062499999063224766,0.11249999968169083,0.1624999997458904,0.21249999860390104,0.26250000350056,0.3208333323424983,0.424999999474258,0.5249999994624469,0.6249999995835167,0.025625003097879614,0.053249999085680455,0.07374999933999965,0.08597499926869183,0.09399166573660585,0.09904166628278452,0.10329166574538637,0.10421666579026331,0.09951666581789571,0.08729166584010344,0.024999997241032818,0.07499999517303343,0.12499999550932528,0.17499999498089094,0.22499999527736433,0.2749999960078658,0.3499999995039708,0.44999999983184696,0.549999999039556,1.0,0.02999999659243376,0.05899999517274593,0.07699999564930726,0.08829999536750098,0.09549999527831098,0.10049999517683089,0.10449999531460422,0.10364999506350116,0.09724999486650993,0.0,,,
0.0,0.02324692899996864,0.06468222591842604,0.10912784914373942,0.15975304635947843,0.2157280107567811,0.2574313920751374,0.35367157830949514,0.4795936598396281,0.5988759795302647,0.0,0.031225051256250407,0.061502500867968074,0.08382593486970441,0.09988706205696402,0.10966201358058356,0.11781706662001286,0.1191416562868011,0.11178117122894034,0.09745731553079626,0.005858884214657381,0.027010257287658913,0.07485418104144927,0.12079123424973763,0.1738311504300372,0.23259252316505566,0.2825646077816106,0.39094897025468134,0.5133588191195867,0.6277205308192348,0.01616675526608698,0.034664535102251356,0.06855160878319033,0.08860353629912623,0.10372194118052094,0.11183668909106093,0.11856978866338,0.11900021000274812,0.10870944526511392,0.09311567081356247,0.019483600712278365,0.05451027079540281,0.09746446403774121,0.14567494228891967,0.19886349834850656,0.23229817636866418,0.31639418636430894,0.4458285005596695,0.5700314282412946,0.6785701891622764,0.027785567410249453,0.054453392952745816,0.07904833344028259,0.09605218293340709,0.10748733807010619,0.11706434457664572,0.11928310257085407,0.11485289719276676,0.10179896024803005,0.08303173605682578,0.02324692899996864,0.06468222591842604,0.10912784914373942,0.15975304635947843,0.2157280107567811,0.2574313920751374,0.35367157830949514,0.4795936598396281,0.5988759795302647,1.0,0.031225051256250407,0.061502500867968074,0.08382593486970441,0.09988706205696402,0.10966201358058356,0.11781706662001286,0.1191416562868011,0.11178117122894034,0.09745731553079626,0.0,0.0,0.02324692899996864,0.06468222591842604,0.10912784914373942,0.15975304635947843,0.2157280107567811,0.2574313920751374,0.35367157830949514,0.4795936598396281,0.5988759795302647,0.0,0.031225051256250407,0.061502500867968074,0.08382593486970441,0.09988706205696402,0.10966201358058356,0.11781706662001286,0.1191416562868011,0.11178117122894034,0.09745731553079626,0.005858884214657381,0.027010257287658913,0.07485418104144927,0.12079123424973763,0.1738311504300372,0.23259252316505566,0.2825646077816106,0.39094897025468134,0.5133588191195867,0.6277205308192348,0.01616675526608698,0.034664535102251356,0.06855160878319033,0.08860353629912623,0.10372194118052094,0.11183668909106093,0.11856978866338,0.11900021000274812,0.10870944526511392,0.09311567081356247,0.019483600712278365,0.05451027079540281,0.09746446403774121,0.14567494228891967,0.19886349834850656,0.23229817636866418,0.31639418636430894,0.4458285005596695,0.5700314282412946,0.6785701891622764,0.027785567410249453,0.054453392952745816,0.07904833344028259,0.09605218293340709,0.10748733807010619,0.11706434457664572,0.11928310257085407,0.11485289719276676,0.10179896024803005,0.08303173605682578,0.02324692899996864,0.06468222591842604,0.10912784914373942,0.15975304635947843,0.2157280107567811,0.2574313920751374,0.35367157830949514,0.4795936598396281,0.5988759795302647,1.0,0.031225051256250407,0.061502500867968074,0.08382593486970441,0.09988706205696402,0.10966201358058356,0.11781706662001286,0.1191416562868011,0.11178117122894034,0.09745731553079626,0.0,0.6221,0.00876,71.01598173515981
0.0,0.022968353821221272,0.0606668532643565,0.10313857643628492,0.15454601996042933,0.21206116957800525,0.2433529123218963,0.3408600343994281,0.46884775425760533,0.5875037955077111,0.0,0.035128835692790246,0.06919952946389611,0.09683085943566638,0.11728161185009275,0.12874889115493193,0.1374229960301546,0.13613600613674892,0.1252656916986399,0.10784209923999047,0.005824643263415409,0.02553815723428281,0.06936595921084965,0.11439801181114702,0.16861958886062914,0.22884945549160965,0.27100793780301435,0.3781500769275101,0.5026707398027113,0.6154093612225452,0.018094258402883878,0.039154732992619366,0.07767937141428287,0.10315986087896173,0.12202136195292229,0.1309354355684531,0.13725200225292963,0.13488444076408962,0.12096746837997963,0.10267930508081662,0.020398550408159733,0.051967747317863355,0.09187914106142282,0.14047245106022951,0.19527288366440085,0.21569788684077823,0.30356999187134603,0.4350247687124994,0.5595982297928771,0.6670459113465343,0.031102938392961126,0.060719687513509354,0.09050185799237104,0.11254186174726322,0.12656234674141076,0.13759398980737955,0.13738757150940822,0.1295639150173002,0.11300489339916432,0.0915525713719691,0.022968353821221272,0.0606668532643565,0.10313857643628492,0.15454601996042933,0.21206116957800525,0.2433529123218963,0.3408600343994281,0.46884775425760533,0.5875037955077111,1.0,0.035128835692790246,0.06919952946389611,0.09683085943566638,0.11728161185009275,0.12874889115493193,0.1374229960301546,0.13613600613674892,0.1252656916986399,0.10784209923999047,0.0,0.0,0.022968353821221272,0.0606668532643565,0.10313857643628492,0.15454601996042933,0.21206116957800525,0.2433529123218963,0.3408600343994281,0.46884775425760533,0.5875037955077111,0.0,0.035128835692790246,0.06919952946389611,0.09683085943566638,0.11728161185009275,0.12874889115493193,0.1374229960301546,0.13613600613674892,0.1252656916986399,0.10784209923999047,0.005824643263415409,0.02553815723428281,0.06936595921084965,0.11439801181114702,0.16861958886062914,0.22884945549160965,0.27100793780301435,0.3781500769275101,0.5026707398027113,0.6154093612225452,0.018094258402883878,0.039154732992619366,0.07767937141428287,0.10315986087896173,0.12202136195292229,0.1309354355684531,0.13725200225292963,0.13488444076408962,0.12096746837997963,0.10267930508081662,0.020398550408159733,0.051967747317863355,0.09187914106142282,0.14047245106022951,0.19527288366440085,0.21569788684077823,0.30356999187134603,0.4350247687124994,0.5595982297928771,0.6670459113465343,0.031102938392961126,0.060719687513509354,0.09050185799237104,0.11254186174726322,0.12656234674141076,0.13759398980737955,0.13738757150940822,0.1295639150173002,0.11300489339916432,0.0915525713719691,0.022968353821221272,0.0606668532643565,0.10313857643628492,0.15454601996042933,0.21206116957800525,0.2433529123218963,0.3408600343994281,0.46884775425760533,0.5875037955077111,1.0,0.035128835692790246,0.06919952946389611,0.09683085943566638,0.11728161185009275,0.12874889115493193,0.1374229960301546,0.13613600613674892,0.1252656916986399,0.10784209923999047,0.0,0.6636,0.00906,73.24503311258277
0.0,0.024999997241032818,0.07499999517303343,0.12499999550932528,0.17499999498089094,0.22499999527736433,0.2749999960078658,0.3499999995039708,0.44999999983184696,0.549999999039556,0.0,0.02999999659243376,0.05899999517274593,0.07699999564930726,0.08829999536750098,0.09549999527831098,0.10049999517683089,0.10449999531460422,0.10364999506350116,0.09724999486650993,0.006250005133917589,0.031249989346403332,0.08749999128284211,0.13749999133695973,0.18749999021589148,0.23749999195082763,0.28749998851517156,0.37916666666544335,0.47500000018943594,0.5749999986166651,0.01437500309778611,0.034374990086987904,0.0647499912598114,0.08024999195861487,0.09062499146631013,0.0970083248200161,0.10195832407087727,0.10570832488382206,0.103083324336739,0.09498332391512414,0.018750005135662304,0.062499999063224766,0.11249999968169083,0.1624999997458904,0.21249999860390104,0.26250000350056,0.3208333323424983,0.424999999474258,0.5249999994624469,0.6249999995835167,0.025625003097879614,0.053249999085680455,0.07374999933999965,0.08597499926869183,0.09399166573660585,0.09904166628278452,0.10329166574538637,0.10421666579026331,0.09951666581789571,0.08729166584010344,0.024999997241032818,0.07499999517303343,0.12499999550932528,0.17499999498089094,0.22499999527736433,0.2749999960078658,0.3499999995039708,0.44999999983184696,0.549999999039556,1.0,0.02999999659243376,0.05899999517274593,0.07699999564930726,0.08829999536750098,0.09549999527831098,0.10049999517683089,0.10449999531460422,0.10364999506350116,0.09724999486650993,0.0,0.0,0.024999997241032818,0.07499999517303343,0.12499999550932528,0.17499999498089094,0.22499999527736433,0.2749999960078658,0.3499999995039708,0.44999999983184696,0.549999999039556,0.0,0.02999999659243376,0.05899999517274593,0.07699999564930726,0.08829999536750098,0.09549999527831098,0.10049999517683089,0.10449999531460422,0.10364999506350116,0.09724999486650993,0.006250005133917589,0.031249989346403332,0.08749999128284211,0.13749999133695973,0.18749999021589148,0.23749999195082763,0.28749998851517156,0.37916666666544335,0.47500000018943594,0.5749999986166651,0.01437500309778611,0.034374990086987904,0.0647499912598114,0.08024999195861487,0.09062499146631013,0.0970083248200161,0.10195832407087727,0.10570832488382206,0.103083324336739,0.09498332391512414,0.018750005135662304,0.062499999063224766,0.11249999968169083,0.1624999997458904,0.21249999860390104,0.26250000350056,0.3208333323424983,0.424999999474258,0.5249999994624469,0.6249999995835167,0.025625003097879614,0.053249999085680455,0.07374999933999965,0.08597499926869183,0.09399166573660585,0.09904166628278452,0.10329166574538637,0.10421666579026331,0.09951666581789571,0.08729166584010344,0.024999997241032818,0.07499999517303343,0.12499999550932528,0.17499999498089094,0.22499999527736433,0.2749999960078658,0.3499999995039708,0.44999999983184696,0.549999999039556,1.0,0.02999999659243376,0.05899999517274593,0.07699999564930726,0.08829999536750098,0.09549999527831098,0.10049999517683089,0.10449999531460422,0.10364999506350116,0.09724999486650993,0.0,,,
0.0,0.028001835658956087,0.08558027494560556,0.14169598273085507,0.19441260864878943,0.23666210001370516,0.2557454541360942,0.3187183668765391,0.4147512914912078,0.5152829394587587,0.0,0.03483223857518839,0.06643308814675028,0.08584264971758665,0.09711824758834413,0.1034280573401832,0.11034047879333844,0.11402228104262832,0.11239858402368154,0.10478502018504574,0.006122080815356131,0.03605867497906372,0.09936991726652492,0.15480555724638864,0.2057223624763117,0.24204381992900076,0.2650197016035122,0.3440055473763195,0.43532757379247256,0.539201369686693,0.016079208317329976,0.03974562952552006,0.07235325978443974,0.08880889545784669,0.0990149893635393,0.10430773458011422,0.11123760955206699,0.11478683334749855,0.11148358493322387,0.10209240956794369,0.01994499633884846,0.07179063262468621,0.1285864082153215,0.18310285482126715,0.23128038009840957,0.24647120666867617,0.2934311863767587,0.3941750091899431,0.4913645092308244,0.5961985939555088,0.02991884762485672,0.06051291650906082,0.08287640397732661,0.09522150581314896,0.10254838010025219,0.1094433480346099,0.11325772873775809,0.11331358311413921,0.10747763080214778,0.09344611184561064,0.028001835658956087,0.08558027494560556,0.14169598273085507,0.19441260864878943,0.23666210001370516,0.2557454541360942,0.3187183668765391,0.4147512914912078,0.5152829394587587,1.0,0.03483223857518839,0.06643308814675028,0.08584264971758665,0.09711824758834413,0.1034280573401832,0.11034047879333844,0.11402228104262832,0.11239858402368154,0.10478502018504574,0.0,0.0,0.028001835658956087,0.08558027494560556,0.14169598273085507,0.19441260864878943,0.23666210001370516,0.2557454541360942,0.3187183668765391,0.4147512914912078,0.5152829394587587,0.0,0.03483223857518839,0.06643308814675028,0.08584264971758665,0.09711824758834413,0.1034280573401832,0.11034047879333844,0.11402228104262832,0.11239858402368154,0.10478502018504574,0.006122080815356131,0.03605867497906372,0.09936991726652492,0.15480555724638864,0.2057223624763117,0.24204381992900076,0.2650197016035122,0.3440055473763195,0.43532757379247256,0.539201369686693,0.016079208317329976,0.03974562952552006,0.07235325978443974,0.08880889545784669,0.0990149893635393,0.10430773458011422,0.11123760955206699,0.11478683334749855,0.11148358493322387,0.10209240956794369,0.01994499633884846,0.07179063262468621,0.1285864082153215,0.18310285482126715,0.23128038009840957,0.24647120666867617,0.2934311863767587,0.3941750091899431,0.4913645092308244,0.5961985939555088,0.02991884762485672,0.06051291650906082,0.08287640397732661,0.09522150581314896,0.10254838010025219,0.1094433480346099,0.11325772873775809,0.11331358311413921,0.10747763080214778,0.09344611184561064,0.028001835658956087,0.08558027494560556,0.14169598273085507,0.19441260864878943,0.23666210001370516,0.2557454541360942,0.3187183668765391,0.4147512914912078,0.5152829394587587,1.0,0.03483223857518839,0.06643308814675028,0.08584264971758665,0.09711824758834413,0.1034280573401832,0.11034047879333844,0.11402228104262832,0.11239858402368154,0.10478502018504574,0.0,0.5273,0.00806,65.42183622828784
0.0,0.024999997241032818,0.07499999517303343,0.12499999550932528,0.17499999498089094,0.22499999527736433,0.2749999960078658,0.3499999995039708,0.44999999983184696,0.549999999039556,0.0,0.02999999659243376,0.05899999517274593,0.07699999564930726,0.08829999536750098,0.09549999527831098,0.10049999517683089,0.10449999531460422,0.10364999506350116,0.09724999486650993,0.006250005133917589,0.031249989346403332,0.08749999128284211,0.13749999133695973,0.18749999021589148,0.23749999195082763,0.28749998851517156,0.37916666666544335,0.47500000018943594,0.5749999986166651,0.01437500309778611,0.034374990086987904,0.0647499912598114,0.08024999195861487,0.09062499146631013,0.0970083248200161,0.10195832407087727,0.10570832488382206,0.103083324336739,0.09498332391512414,0.018750005135662304,0.062499999063224766,0.11249999968169083,0.1624999997458904,0.21249999860390104,0.26250000350056,0.3208333323424983,0.424999999474258,0.5249999994624469,0.6249999995835167,0.025625003097879614,0.053249999085680455,0.07374999933999965,0.08597499926869183,0.09399166573660585,0.09904166628278452,0.10329166574538637,0.10421666579026331,0.09951666581789571,0.08729166584010344,0.024999997241032818,0.07499999517303343,0.12499999550932528,0.17499999498089094,0.22499999527736433,0.2749999960078658,0.3499999995039708,0.44999999983184696,0.549999999039556,1.0,0.02999999659243376,0.05899999517274593,0.07699999564930726,0.08829999536750098,0.09549999527831098,0.10049999517683089,0.10449999531460422,0.10364999506350116,0.09724999486650993,0.0,0.0,0.024999997241032818,0.07499999517303343,0.12499999550932528,0.17499999498089094,0.22499999527736433,0.2749999960078658,0.3499999995039708,0.44999999983184696,0.549999999039556,0.0,0.02999999659243376,0.05899999517274593,0.07699999564930726,0.08829999536750098,0.09549999527831098,0.10049999517683089,0.10449999531460422,0.10364999506350116,0.09724999486650993,0.006250005133917589,0.031249989346403332,0.08749999128284211,0.13749999133695973,0.18749999021589148,0.23749999195082763,0.28749998851517156,0.37916666666544335,0.47500000018943594,0.5749999986166651,0.01437500309778611,0.034374990086987904,0.0647499912598114,0.08024999195861487,0.09062499146631013,0.0970083248200161,0.10195832407087727,0.10570832488382206,0.103083324336739,0.09498332391512414,0.018750005135662304,0.062499999063224766,0.11249999968169083,0.1624999997458904,0.21249999860390104,0.26250000350056,0.3208333323424983,0.424999999474258,0.5249999994624469,0.6249999995835167,0.025625003097879614,0.053249999085680455,0.07374999933999965,0.08597499926869183,0.09399166573660585,0.09904166628278452,0.10329166574538637,0.10421666579026331,0.09951666581789571,0.08729166584010344,0.024999997241032818,0.07499999517303343,0.12499999550932528,0.17499999498089094,0.22499999527736433,0.2749999960078658,0.3499999995039708,0.44999999983184696,0.549999999039556,1.0,0.02999999659243376,0.05899999517274593,0.07699999564930726,0.08829999536750098,0.09549999527831098,0.10049999517683089,0.10449999531460422,0.10364999506350116,0.09724999486650993,0.0,,,
